         1e-11      16.7288 
   1.10304e-11      15.9283 
   1.21669e-11      15.1661 
   1.34206e-11      14.4404 
   1.48034e-11      13.7494 
   1.63287e-11      13.0915 
   1.80111e-11      12.4651 
   1.98669e-11      11.8686 
   2.19139e-11      11.3007 
   2.41719e-11      10.7599 
   2.66625e-11      10.2451 
   2.94097e-11      9.75484 
     3.244e-11      9.28806 
   3.57825e-11      8.84362 
   3.94694e-11      8.42044 
   4.35362e-11      8.01752 
   4.80221e-11      7.63387 
   5.29701e-11      7.26858 
    5.8428e-11      6.92077 
   6.44483e-11      6.58961 
   7.10888e-11      6.27429 
   7.84136e-11      5.97406 
   8.64931e-11       5.6882 
   9.54051e-11      5.41601 
   1.05235e-10      5.15685 
   1.16078e-10      4.91009 
   1.28039e-10      4.67514 
   1.41231e-10      4.45143 
   1.55784e-10      4.23842 
   1.71835e-10      4.03561 
    1.8954e-10       3.8425 
    2.0907e-10      3.65864 
   2.30612e-10      3.48357 
   2.54374e-10      3.31688 
   2.80584e-10      3.15816 
   3.09494e-10      3.00704 
   3.41383e-10      2.86315 
   3.76558e-10      2.72615 
   4.15358e-10       2.5957 
   4.58155e-10      2.47149 
   5.05362e-10      2.35323 
   5.57433e-10      2.24062 
   6.14869e-10      2.13341 
   6.78223e-10      2.03132 
   7.48105e-10      1.93412 
   8.25188e-10      1.84157 
   9.10213e-10      1.75345 
      1.004e-9      1.66955 
    1.10745e-9      1.58966 
    1.22155e-9      1.51359 
    1.34742e-9      1.44117 
    1.48625e-9       1.3722 
    1.63939e-9      1.30654 
    1.80831e-9      1.24402 
    1.99463e-9       1.1845 
    2.20016e-9      1.12782 
    2.42685e-9      1.07385 
    2.67691e-9      1.02247 
    2.95273e-9     0.973539 
    3.25697e-9     0.926955 
    3.59256e-9     0.882599 
    3.96272e-9     0.840366 
    4.37103e-9     0.800154 
    4.82141e-9     0.761866 
    5.31819e-9      0.72541 
    5.86616e-9     0.690698 
    6.47059e-9     0.657648 
     7.1373e-9     0.626179 
    7.87271e-9     0.596215 
    8.68389e-9     0.567686 
    9.57865e-9     0.540522 
    1.05656e-8     0.514657 
    1.16543e-8      0.49003 
    1.28551e-8     0.466582 
    1.41796e-8     0.444256 
    1.56406e-8     0.422998 
    1.72522e-8     0.402757 
    1.90298e-8     0.383485 
    2.09906e-8     0.365134 
    2.31534e-8     0.347662 
    2.52419e-8     0.332969 
       2.53e-8     0.332587 
    2.79068e-8     0.316672 
    3.07823e-8     0.301519 
     3.3954e-8     0.287091 
    3.74525e-8     0.273354 
    4.13115e-8     0.260273 
    4.55681e-8     0.247819 
    5.02633e-8     0.235961 
    5.54423e-8      0.22467 
    6.11549e-8     0.213919 
    6.74561e-8     0.203683 
    7.44066e-8     0.193936 
    8.20732e-8     0.184656 
    9.05297e-8      0.17582 
    9.98577e-8     0.167407 
    1.10147e-7     0.159397 
    1.21496e-7     0.151769 
    1.34014e-7     0.144507 
    1.47823e-7     0.137592 
    1.63054e-7     0.131008 
    1.79855e-7     0.124739 
    1.98386e-7     0.118771 
    2.18827e-7     0.113087 
    2.41375e-7     0.107676 
    2.66245e-7     0.102524 
    2.93678e-7    0.0976177 
    3.23938e-7    0.0929466 
    3.57316e-7     0.088499 
    3.94132e-7    0.0842642 
    4.34743e-7    0.0802321 
    4.79537e-7     0.076393 
    5.28947e-7    0.0727376 
    5.83448e-7    0.0692573 
    6.43565e-7    0.0659439 
    7.09876e-7    0.0627896 
     7.8302e-7    0.0597871 
      8.637e-7    0.0569293 
    9.52693e-7    0.0542093 
    1.05086e-6      0.05162 
    1.15913e-6    0.0491544 
    1.27857e-6    0.0468057 
     1.4103e-6    0.0445677 
    1.55562e-6    0.0424352 
     1.7159e-6    0.0404042 
    1.89271e-6    0.0384703 
    2.08772e-6    0.0366296 
    2.30284e-6    0.0348775 
    2.54012e-6    0.0332093 
    2.80184e-6    0.0316207 
    3.09053e-6    0.0301073 
    3.40897e-6    0.0286657 
    3.76022e-6    0.0272936 
    4.14767e-6    0.0259874 
    4.57503e-6    0.0247435 
    5.04643e-6    0.0235602 
    5.56639e-6    0.0224345 
    6.13994e-6    0.0213613 
    6.77258e-6    0.0203391 
     7.4704e-6    0.0193658 
    8.24013e-6     0.018437 
    9.08917e-6    0.0175535 
    1.00257e-5    0.0167136 
    1.10587e-5    0.0159146 
    1.22842e-5       0.0151 
    1.35499e-5    0.0143774 
    1.49461e-5    0.0136909 
    1.66016e-5     0.012988 
    1.83121e-5    0.0123659 
     2.0199e-5    0.0117742 
    2.22802e-5    0.0112111 
    2.47492e-5    0.0106372 
    2.71081e-5    0.0101636 
    3.01122e-5   0.00964453 
    3.34475e-5   0.00914847 
    3.68938e-5   0.00871101 
    4.06952e-5   0.00829518 
    4.48884e-5   0.00789673 
    4.95135e-5   0.00751862 
    5.50005e-5   0.00713305 
    6.06676e-5    0.0067927 
    6.69186e-5   0.00646638 
    7.38137e-5   0.00615735 
    8.14192e-5   0.00586288 
    8.98084e-5   0.00558117 
    9.97559e-5   0.00529493 
   0.000110811   0.00502322 
   0.000121372   0.00480055 
   0.000132947   0.00458554 
   0.000145618   0.00438181 
   0.000158387   0.00420137 
   0.000173492    0.0040134 
   0.000190027   0.00383461 
   0.000206691   0.00367636 
   0.000226402   0.00351154 
   0.000246256   0.00336744 
    0.00026785   0.00322739 
   0.000291338   0.00309442 
   0.000314667   0.00297688 
   0.000344675   0.00284336 
   0.000377526   0.00271646 
   0.000410632   0.00260441 
   0.000449791   0.00248741 
   0.000492661   0.00237642 
   0.000535863   0.00227773 
   0.000578799   0.00219107 
   0.000642909   0.00207711 
   0.000694423    0.0019991 
   0.000750027   0.00192211 
   0.000833143   0.00182239 
   0.000906203   0.00174713 
   0.000985669    0.0016744 
     0.0010721   0.00160426 
    0.00115795   0.00154269 
    0.00127726   0.00146682 
    0.00136994    0.0014161 
    0.00150058   0.00135156 
    0.00166679    0.0012808 
    0.00180035   0.00123168 
    0.00195822   0.00117996 
    0.00214486    0.0011259 
     0.0023494   0.00107399 
    0.00251988   0.00103617 
    0.00276005  0.000988363 
    0.00304443  0.000939396 
    0.00335812  0.000892229 
    0.00362719  0.000857159 
    0.00391763  0.000823282 
    0.00429123  0.000784503 
    0.00466754  0.000750337 
     0.0051124  0.000715055 
    0.00556072  0.000683434 
    0.00613368  0.000648361 
    0.00662514  0.000621813 
    0.00715564  0.000596415 
    0.00783803  0.000567157 
    0.00858508  0.000539281 
    0.00940378  0.000512647 
     0.0100861  0.000492956 
     0.0120162  0.000445989 
     0.0141172  0.000406289 
     0.0161054  0.000375782 
      0.018127  0.000349965 
     0.0201348  0.000328165 
     0.0222094  0.000308776 
     0.0243274  0.000291543 
     0.0264607  0.000276267 
     0.0283807  0.000263949 
     0.0302267  0.000253279 
     0.0352629  0.000228398 
     0.0402822  0.000208376 
     0.0453752  0.000191592 
     0.0503527   0.00017773 
      0.055388  0.000165714 
      0.060667  0.000154842 
     0.0654585  0.000146151 
        0.0707  0.000137772 
     0.0758299  0.000130481 
     0.0811287  0.000123755 
     0.0864101  0.000117734 
     0.0912697  0.000112705 
     0.0970199  0.000107323 
      0.101411  0.000103599 
      0.110776   9.64115e-5 
       0.12049   9.00269e-5 
      0.130917   8.41544e-5 
        0.1414   7.90534e-5 
       0.15166   7.46957e-5 
      0.161129   7.11322e-5 
      0.171199   6.77721e-5 
      0.182335   6.44932e-5 
      0.192681   6.17797e-5 
      0.201411   5.97151e-5 
      0.221552   5.55867e-5 
       0.24098   5.22918e-5 
      0.261834   4.93671e-5 
      0.281975       4.7e-5 
      0.302116   4.50011e-5 
      0.322257   4.33031e-5 
      0.344797    4.1703e-5 
       0.36467   4.04962e-5 
      0.388079   3.92918e-5 
      0.411366   3.82791e-5 
      0.443104   3.71419e-5 
       0.46978   3.63954e-5 
      0.503527   3.55999e-5 
       0.55388   3.47437e-5 
      0.608465   3.41345e-5 
       0.66382   3.37531e-5 
      0.719891   3.35423e-5 
           0.8   3.34473e-5 
      0.925574   3.36424e-5 
       1.07256   3.41087e-5 
       1.54262   3.57793e-5 
       1.85115   3.65902e-5 
       2.08585   3.69863e-5 
       2.35963   3.72538e-5 
           2.6    3.7345e-5 
       3.08525   3.72024e-5 
       3.72841   3.66955e-5 
       6.21402   3.41376e-5 
       7.24969   3.32533e-5 
       8.74153   3.21889e-5 
            10   3.14376e-5 
       10.1411   3.13686e-5 
       10.2842   3.12986e-5 
       10.4292   3.12277e-5 
       10.5764   3.11558e-5 
       10.7256   3.10828e-5 
       10.8769   3.10089e-5 
       11.0304   3.09338e-5 
        11.186   3.08578e-5 
       11.3438   3.07806e-5 
       11.5038   3.07024e-5 
       11.6661    3.0623e-5 
       11.8307   3.05426e-5 
       11.9976    3.0461e-5 
       12.1669   3.03782e-5 
       12.3386   3.02943e-5 
          12.5   3.02154e-5 
       12.6764   3.01422e-5 
       12.8552    3.0068e-5 
       13.0366   2.99927e-5 
       13.2205   2.99164e-5 
        13.407    2.9839e-5 
       13.5961   2.97604e-5 
        13.788   2.96808e-5 
       13.9825   2.96001e-5 
       14.1798   2.95182e-5 
       14.3798   2.94352e-5 
       14.5827    2.9351e-5 
       14.7884   2.92656e-5 
       14.9971    2.9179e-5 
       15.2086   2.90912e-5 
       15.4232   2.90021e-5 
       15.6408   2.89118e-5 
       15.8615   2.88203e-5 
       16.0852   2.87274e-5 
       16.3122   2.86332e-5 
       16.5423   2.85377e-5 
       16.7757   2.84408e-5 
       17.0124   2.83426e-5 
       17.2524    2.8243e-5 
       17.4958   2.81419e-5 
       17.7426   2.80395e-5 
       17.9929   2.79356e-5 
       18.2468   2.78302e-5 
       18.5042   2.77234e-5 
       18.7653    2.7615e-5 
            19   2.75176e-5 
       19.2681   2.74078e-5 
       19.5399   2.72964e-5 
       19.8156   2.71835e-5 
            20   2.71079e-5 