         1e-11      1159.66 
   1.10304e-11      1104.18 
   1.21669e-11      1051.36 
   1.34206e-11      1001.07 
   1.48034e-11      953.187 
   1.63287e-11      907.595 
   1.80111e-11      864.185 
   1.98669e-11      822.853 
   2.19139e-11        783.5 
   2.41719e-11      746.031 
   2.66625e-11      710.356 
   2.94097e-11      676.389 
     3.244e-11      644.049 
   3.57825e-11      613.258 
   3.94694e-11      583.941 
   4.35362e-11      556.029 
   4.80221e-11      529.454 
   5.29701e-11      504.152 
    5.8428e-11      480.062 
   6.44483e-11      457.127 
   7.10888e-11      435.291 
   7.84136e-11      414.502 
   8.64931e-11       394.71 
   9.54051e-11      375.866 
   1.05235e-10      357.927 
   1.16078e-10      340.849 
   1.28039e-10       324.59 
   1.41231e-10      309.112 
   1.55784e-10      294.377 
   1.71835e-10      280.349 
    1.8954e-10      266.997 
    2.0907e-10      254.286 
   2.30612e-10      242.186 
   2.54374e-10      230.669 
   2.80584e-10      219.707 
   3.09494e-10      209.273 
   3.41383e-10      199.343 
   3.76558e-10      189.891 
   4.15358e-10      180.897 
   4.58155e-10      172.337 
   5.05362e-10      164.191 
   5.57433e-10      156.441 
   6.14869e-10      149.067 
   6.78223e-10      142.051 
   7.48105e-10      135.376 
   8.25188e-10      129.027 
   9.10213e-10      122.988 
      1.004e-9      117.245 
    1.10745e-9      111.784 
    1.22155e-9      106.591 
    1.34742e-9      101.655 
    1.48625e-9      96.9629 
    1.63939e-9      92.5038 
    1.80831e-9      88.2668 
    2.00871e-9      83.9612 
     2.2312e-9       79.889 
    2.47845e-9      76.0351 
    2.75297e-9      72.3923 
    3.05805e-9      68.9472 
    3.39677e-9      65.6932 
     3.7732e-9      62.6184 
    4.19113e-9      59.7169 
    4.65558e-9      56.9778 
    5.17125e-9      54.3961 
    5.74431e-9      51.9619 
    6.38057e-9      49.6706 
    7.08766e-9      47.5134 
    7.87271e-9      45.4862 
    8.74515e-9       43.581 
    9.71379e-9       41.794 
    1.08658e-8      40.0106 
    1.21545e-8      38.3484 
     1.3596e-8      36.8013 
    1.52085e-8      35.3637 
    1.70122e-8      34.0302 
    1.91641e-8      32.7212 
    2.15871e-8      31.5182 
    2.43176e-8      30.4143 
    2.52419e-8      30.0881 
       2.53e-8      30.0683 
    2.86998e-8      29.0336 
    3.25565e-8      28.0955 
     3.7192e-8      27.2028 
    4.24854e-8      26.4036 
    4.88745e-8      25.6547 
    5.66211e-8      24.9617 
    6.60549e-8      24.3284 
    7.76004e-8      23.7567 
    9.24546e-8      23.2271 
    1.11701e-7      22.7479 
    1.36864e-7      22.3235 
    1.71253e-7      21.9446 
    2.20371e-7      21.6084 
    2.93678e-7      21.3157 
     4.1105e-7      21.0645 
    6.12785e-7      20.8576 
     1.0076e-6      20.6923 
    1.96022e-6      20.5676 
    5.33729e-6      20.4838 
    4.33445e-5      20.4366 
     0.0103727      19.1491 
     0.0197166      18.1341 
     0.0302267      17.1266 
     0.0383552      16.4389 
     0.0476586        15.72 
     0.0577655      15.0198 
     0.0673185      14.4249 
     0.0817009      13.6234 
     0.0973352       12.868 
      0.113126       12.199 
          0.13      11.5707 
      0.145418      11.0732 
      0.163402      10.5453 
      0.183827      10.0201 
      0.204252      9.55722 
      0.224678      9.14601 
      0.246092      8.76163 
      0.267388      8.41877 
      0.292019      8.06353 
      0.322257      7.67657 
      0.354594      7.31633 
      0.402822      6.85533 
      0.446208      6.50393 
      0.493639      6.16975 
       0.55776      5.78944 
      0.608465      5.53056 
       0.66382        5.283 
      0.714883      5.08007 
      0.771312      4.88001 
       0.83434      4.68061 
      0.918107      4.44852 
             1      4.24951 
       1.11552      4.00986 
       1.21693       3.8266 
       1.32764      3.65106 
       1.42977      3.50675 
       1.54262      3.36392 
       1.66868      3.22087 
       1.83827      3.05132 
             2      2.90839 
       2.23104      2.73227 
       2.43386      2.59638 
       2.63668      2.47531 
       2.85953      2.35649 
       3.06379        2.258 
       3.29093      2.15863 
       3.54594      2.05745 
        3.8808      1.93913 
           4.2      1.83821 
       4.63245      1.71844 
       5.07054      1.61197 
       5.47618       1.5241 
       5.88183      1.44508 
       6.28747      1.37359 
       6.69311      1.30855 
       7.09876      1.24923 
       7.60581      1.18169 
       8.11287      1.12066 
       8.61992      1.06522 
       9.12697      1.01464 
       9.63403     0.968302 
            10     0.936877 
       10.1411     0.925695 
       10.2842     0.914357 
       10.4292      0.90286 
          10.5     0.897253 
       10.6481     0.886387 
       10.7984     0.875369 
       10.9507     0.864195 
            11      0.86058 
       11.1552     0.850015 
       11.3126     0.839301 
       11.4722     0.828436 
          11.5     0.826541 
       11.6622     0.816264 
       11.8268     0.805841 
       11.9936     0.795272 
            12     0.794868 
       12.1693     0.784865 
        12.341     0.774721 
          12.5     0.765325 
       12.6764     0.755585 
       12.8552     0.745707 
            13     0.737709 
       13.1834      0.72822 
       13.3694     0.718597 
          13.5     0.711841 
       13.6905     0.702592 
       13.8836     0.693214 
            14     0.687562 
       14.1975     0.678807 
       14.3978     0.669929 
       14.6009     0.660925 
       14.8069     0.651794 
            15     0.643236 
       15.2116     0.634889 
       15.4262     0.626424 
       15.6439      0.61784 
       15.8646     0.609134 
            16     0.603793 
       16.2257     0.595822 
       16.4546      0.58774 
       16.6868     0.579543 
       16.9222      0.57123 
            17     0.568484 
       17.2398     0.560862 
       17.4831     0.553133 
       17.7297     0.545294 
       17.9799     0.537345 
            18     0.536705 
       18.2539     0.529405 
       18.5115     0.522002 
       18.7726     0.514495 
            19      0.50796 
       19.2681     0.500959 
       19.5399     0.493858 
       19.8156     0.486658 
            20     0.481841 