         1e-11      1176.39 
   1.10304e-11      1120.11 
   1.21669e-11      1066.53 
   1.34206e-11      1015.51 
   1.48034e-11      966.937 
   1.63287e-11      920.686 
   1.80111e-11       876.65 
   1.98669e-11      834.721 
   2.19139e-11        794.8 
   2.41719e-11      756.791 
   2.66625e-11      720.601 
   2.94097e-11      686.144 
     3.244e-11      653.337 
   3.57825e-11      622.101 
   3.94694e-11      592.362 
   4.35362e-11      564.046 
   4.80221e-11      537.087 
   5.29701e-11       511.42 
    5.8428e-11      486.983 
   6.44483e-11      463.716 
   7.10888e-11      441.565 
   7.84136e-11      420.476 
   8.64931e-11      400.398 
   9.54051e-11      381.283 
   1.05235e-10      363.084 
   1.16078e-10      345.759 
   1.28039e-10      329.265 
   1.41231e-10      313.563 
   1.55784e-10      298.615 
   1.71835e-10      284.385 
    1.8954e-10      270.839 
    2.0907e-10      257.944 
   2.30612e-10       245.67 
   2.54374e-10      233.986 
   2.80584e-10      222.865 
   3.09494e-10       212.28 
   3.41383e-10      202.206 
   3.76558e-10      192.617 
   4.15358e-10      183.492 
   4.58155e-10      174.808 
   5.05362e-10      166.545 
   5.57433e-10      158.682 
   6.14869e-10        151.2 
   6.78223e-10      144.082 
   7.48105e-10       137.31 
   8.25188e-10      130.869 
   9.10213e-10      124.742 
      1.004e-9      118.915 
    1.10745e-9      113.374 
    1.22155e-9      108.105 
    1.34742e-9      103.096 
    1.48625e-9      98.3351 
    1.63939e-9      93.8103 
    1.80831e-9      89.5109 
    1.99463e-9      85.4481 
    2.00871e-9      85.1419 
    2.20016e-9       81.585 
     2.2312e-9      81.0095 
    2.42685e-9      77.9132 
    2.47845e-9      77.0984 
    2.67691e-9      74.4242 
    2.75297e-9      73.4013 
    2.95273e-9      71.1101 
    3.05805e-9      69.9046 
    3.25697e-9      67.9632 
    3.39677e-9      66.6017 
    3.59256e-9      64.9765 
     3.7732e-9      63.4804 
    3.96272e-9      62.1429 
    4.19113e-9      60.5347 
    4.37103e-9      59.4561 
    4.65558e-9      57.7538 
    4.82141e-9      56.9095 
    5.17125e-9      55.1323 
    5.31819e-9      54.4973 
    5.74431e-9      52.6603 
    5.86616e-9      52.2138 
    6.38057e-9      50.3332 
    6.47059e-9      50.0536 
    7.08766e-9      48.1419 
     7.1373e-9      48.0114 
    7.87271e-9      46.0824 
    8.68389e-9      44.2824 
    8.74515e-9      44.1468 
    9.57865e-9      42.5838 
    9.71379e-9      42.3309 
    1.05656e-8        40.99 
    1.08658e-8      40.5185 
    1.16543e-8      39.4837 
    1.21545e-8      38.8286 
    1.28551e-8      38.0631 
     1.3596e-8      37.2554 
    1.41796e-8      36.7253 
    1.52085e-8       35.793 
    1.56406e-8      35.4672 
    1.70122e-8       34.436 
    1.72522e-8       34.287 
    1.90298e-8      33.1864 
    1.91641e-8      33.1034 
    2.09906e-8      32.1795 
    2.15871e-8      31.8785 
    2.31534e-8      31.2326 
    2.43176e-8      30.7538 
    2.52419e-8      30.4211 
       2.53e-8      30.4009 
    2.79068e-8      29.5916 
    2.86998e-8      29.3461 
    3.07823e-8      28.8286 
    3.25565e-8       28.389 
     3.3954e-8      28.1135 
     3.7192e-8      27.4772 
    3.74525e-8      27.4369 
    4.13115e-8      26.8411 
    4.24854e-8      26.6604 
    4.55681e-8      26.2901 
    4.88745e-8      25.8942 
    5.02633e-8      25.7664 
    5.54423e-8      25.2918 
    5.66211e-8      25.1841 
    6.11549e-8      24.8712 
    6.60549e-8      24.5343 
    6.74561e-8      24.4627 
    7.44066e-8      24.1088 
    7.76004e-8      23.9468 
    8.20732e-8      23.7819 
    9.05297e-8      23.4715 
    9.24546e-8      23.4012 
    9.98577e-8      23.2102 
    1.10147e-7       22.946 
    1.11701e-7      22.9063 
    1.21496e-7      22.7344 
    1.34014e-7       22.516 
    1.36864e-7      22.4665 
    1.47823e-7      22.3403 
    1.63054e-7      22.1659 
    1.71253e-7      22.0726 
    1.79855e-7      22.0105 
    1.98386e-7      21.8776 
    2.18827e-7       21.732 
    2.20371e-7      21.7211 
    2.41375e-7      21.6322 
    2.66245e-7      21.5278 
    2.93678e-7      21.4134 
    3.23938e-7      21.3439 
    3.57316e-7       21.268 
    3.94132e-7       21.185 
     4.1105e-7      21.1471 
    4.34743e-7      21.1205 
    4.79537e-7      21.0707 
    5.28947e-7      21.0163 
    5.83448e-7      20.9569 
    6.12785e-7      20.9252 
    6.43565e-7      20.9107 
    7.09876e-7      20.8797 
     7.8302e-7      20.8461 
      8.637e-7      20.8095 
    9.52693e-7      20.7695 
     1.0076e-6      20.7451 
    1.05086e-6      20.7383 
    1.15913e-6      20.7217 
    1.27857e-6      20.7037 
     1.4103e-6      20.6842 
    1.55562e-6       20.663 
     1.7159e-6        20.64 
    1.89271e-6      20.6149 
    1.96022e-6      20.6055 
    2.08772e-6      20.6011 
    2.30284e-6       20.594 
    2.54012e-6      20.5864 
    2.80184e-6      20.5784 
    3.09053e-6      20.5697 
    3.40897e-6      20.5603 
    3.76022e-6      20.5502 
    4.14767e-6      20.5393 
    4.57503e-6      20.5275 
    5.04643e-6      20.5146 
    5.33729e-6      20.5067 
    5.56639e-6       20.506 
    6.13994e-6      20.5042 
    6.77258e-6      20.5024 
     7.4704e-6      20.5005 
    8.24013e-6      20.4986 
    9.08917e-6      20.4967 
    1.00257e-5      20.4947 
    1.10587e-5      20.4926 
    1.22842e-5      20.4903 
    1.35499e-5       20.488 
    1.49461e-5      20.4856 
    1.66016e-5      20.4828 
    1.83121e-5        20.48 
     2.0199e-5      20.4771 
    2.22802e-5       20.474 
    2.47492e-5      20.4703 
    2.71081e-5      20.4669 
    3.01122e-5      20.4627 
    3.34475e-5       20.458 
    3.68938e-5      20.4533 
    4.06952e-5      20.4482 
    4.33445e-5      20.4446 
    4.48884e-5      20.4443 
    4.95135e-5      20.4433 
    5.50005e-5      20.4423 
    6.06676e-5      20.4412 
    6.69186e-5      20.4401 
    7.38137e-5      20.4389 
    8.14192e-5      20.4377 
    8.98084e-5      20.4364 
    9.97559e-5      20.4348 
   0.000110811      20.4332 
   0.000121372      20.4316 
   0.000132947        20.43 
   0.000145618      20.4282 
   0.000158387      20.4264 
   0.000173492      20.4244 
   0.000190027      20.4221 
   0.000206691      20.4199 
   0.000226402      20.4173 
   0.000246256      20.4146 
    0.00026785      20.4118 
   0.000291338      20.4088 
   0.000314667      20.4057 
   0.000344675      20.4019 
   0.000377526      20.3976 
   0.000410632      20.3934 
   0.000449791      20.3884 
   0.000492661      20.3829 
   0.000535863      20.3775 
   0.000578799       20.372 
   0.000642909      20.3639 
   0.000694423      20.3574 
   0.000750027      20.3504 
   0.000833143        20.34 
   0.000906203      20.3308 
   0.000985669      20.3208 
     0.0010721        20.31 
    0.00115795      20.2992 
    0.00127726      20.2842 
    0.00136994      20.2726 
    0.00150058      20.2563 
    0.00166679      20.2355 
    0.00180035      20.2188 
    0.00195822      20.1991 
    0.00214486      20.1758 
     0.0023494      20.1502 
    0.00251988      20.1289 
    0.00276005       20.099 
    0.00304443      20.0635 
    0.00335812      20.0243 
    0.00362719      19.9907 
    0.00391763      19.9545 
    0.00429123      19.9079 
    0.00466754       19.861 
     0.0051124      19.8055 
    0.00556072      19.7496 
    0.00613368      19.6781 
    0.00662514      19.6168 
    0.00715564      19.5507 
    0.00783803      19.4656 
    0.00858508      19.3725 
    0.00940378      19.2704 
     0.0100861      19.1853 
     0.0103727      19.1496 
     0.0120162       18.971 
     0.0141172      18.7428 
     0.0161054      18.5267 
      0.018127      18.3071 
     0.0197166      18.1344 
     0.0201348      18.0943 
     0.0222094      17.8954 
     0.0243274      17.6924 
     0.0264607      17.4879 
     0.0283807      17.3038 
     0.0302267      17.1268 
     0.0352629      16.7007 
     0.0383552      16.4391 
     0.0402822      16.2902 
     0.0453752      15.8966 
     0.0476586      15.7202 
     0.0503527      15.5335 
      0.055388      15.1847 
     0.0577655        15.02 
      0.060667      14.8393 
     0.0654585      14.5409 
     0.0673185      14.4251 
        0.0707      14.2366 
     0.0758299      13.9507 
     0.0811287      13.6554 
     0.0817009      13.6235 
     0.0864101      13.3959 
     0.0912697      13.1611 
     0.0970199      12.8833 
     0.0973352      12.8681 
      0.101411      12.6954 
      0.110776      12.2987 
      0.113126      12.1991 
       0.12049      11.9249 
          0.13      11.5708 
      0.130917      11.5412 
        0.1414       11.203 
      0.145418      11.0733 
       0.15166      10.8901 
      0.161129      10.6121 
      0.163402      10.5454 
      0.171199      10.3449 
      0.182335      10.0585 
      0.183827      10.0201 
      0.192681      9.81951 
      0.201411      9.62167 
      0.204252      9.55728 
      0.221552      9.20899 
      0.224678      9.14606 
       0.24098      8.85344 
      0.246092      8.76168 
      0.261834      8.50823 
      0.267388      8.41882 
      0.281975      8.20843 
      0.292019      8.06358 
      0.302116      7.93436 
      0.322257      7.67661 
      0.344797      7.42552 
      0.354594      7.31637 
       0.36467      7.22006 
      0.388079      6.99629 
      0.402822      6.85537 
      0.411366      6.78617 
      0.443104      6.52911 
      0.446208      6.50397 
       0.46978      6.33788 
      0.493639      6.16978 
      0.503527      6.11114 
       0.55388      5.81249 
       0.55776      5.78947 
      0.608465       5.5306 
       0.66382      5.28304 
      0.714883      5.08011 
      0.719891      5.06235 
      0.771312      4.88004 
           0.8      4.78928 
       0.83434      4.68065 
      0.918107      4.44855 
      0.925574      4.43041 
             1      4.24954 
       1.07256      4.09901 
       1.11552       4.0099 
       1.21693      3.82663 
       1.32764      3.65109 
       1.42977      3.50678 
       1.54262      3.36395 
       1.66868       3.2209 
       1.83827      3.05136 
       1.85115      3.03998 
             2      2.90842 
       2.08585      2.84298 
       2.23104       2.7323 
       2.35963      2.64615 
       2.43386      2.59642 
           2.6      2.49724 
       2.63668      2.47534 
       2.85953      2.35652 
       3.06379      2.25804 
       3.08525      2.24865 
       3.29093      2.15867 
       3.54594      2.05749 
       3.72841      1.99301 
        3.8808      1.93916 
           4.2      1.83825 
       4.63245      1.71847 
       5.07054      1.61201 
       5.47618      1.52413 
       5.88183      1.44512 
       6.21402      1.38657 
       6.28747      1.37362 
       6.69311      1.30858 
       7.09876      1.24926 
       7.24969      1.22916 
       7.60581      1.18172 
       8.11287      1.12069 
       8.61992      1.06525 
       8.74153      1.05312 
       9.12697      1.01467 
       9.63403     0.968334 
            10     0.936908 
       10.1411     0.925726 
       10.2842     0.914388 
       10.4292     0.902891 
          10.5     0.897284 
       10.5764     0.891681 
       10.6481     0.886419 
       10.7256     0.880737 
       10.7984       0.8754 
       10.8769     0.869638 
       10.9507     0.864226 
            11     0.860611 
       11.0304     0.858543 
       11.1552     0.850046 
        11.186     0.847949 
       11.3126     0.839332 
       11.3438     0.837206 
       11.4722     0.828467 
          11.5     0.826572 
       11.5038     0.826329 
       11.6622     0.816294 
       11.6661     0.816048 
       11.8268     0.805872 
       11.8307     0.805621 
       11.9936     0.795302 
       11.9976     0.795048 
            12     0.794899 
       12.1669     0.785037 
       12.1693     0.784896 
       12.3386     0.774895 
        12.341     0.774751 
          12.5     0.765356 
       12.6764     0.755615 
       12.8552     0.745737 
            13     0.737739 
       13.0366     0.735848 
       13.1834      0.72825 
       13.2205     0.726332 
       13.3694     0.718627 
        13.407     0.716682 
          13.5      0.71187 
       13.5961     0.707202 
       13.6905     0.702622 
        13.788     0.697888 
       13.8836     0.693244 
       13.9825     0.688442 
            14     0.687592 
       14.1798     0.679624 
       14.1975     0.678837 
       14.3798     0.670756 
       14.3978     0.669958 
       14.5827     0.661764 
       14.6009     0.660954 
       14.7884     0.652644 
       14.8069     0.651823 
       14.9971     0.643396 
            15     0.643265 
       15.2086     0.635036 
       15.2116     0.634918 
       15.4232     0.626573 
       15.4262     0.626453 
       15.6408      0.61799 
       15.6439     0.617869 
       15.8615     0.609286 
       15.8646     0.609163 
            16     0.603821 
       16.0852     0.600812 
       16.2257     0.595851 
       16.3122     0.592799 
       16.4546     0.587768 
       16.5423     0.584673 
       16.6868     0.579571 
       16.7757     0.576433 
       16.9222     0.571259 
            17     0.568512 
       17.0124      0.56812 
       17.2398      0.56089 
       17.2524     0.560492 
       17.4831     0.553161 
       17.4958     0.552757 
       17.7297     0.545322 
       17.7426     0.544912 
       17.9799     0.537373 
       17.9929     0.536958 
            18     0.536733 
       18.2468     0.529639 
       18.2539     0.529433 
       18.5042     0.522239 
       18.5115      0.52203 
       18.7653     0.514735 
       18.7726     0.514523 
            19     0.507987 
       19.2681     0.500986 
       19.5399     0.493886 
       19.8156     0.486685 
            20     0.481868 