         1e-11      78.4012 
   1.10304e-11      74.6617 
   1.21669e-11      71.1016 
   1.34206e-11      67.7126 
   1.48034e-11      64.4864 
   1.63287e-11      61.4153 
   1.80111e-11      58.4919 
   1.98669e-11      55.7091 
   2.19139e-11      53.0603 
   2.41719e-11       50.539 
   2.66625e-11      48.1393 
   2.94097e-11      45.8554 
     3.244e-11      43.6817 
   3.57825e-11      41.6131 
   3.94694e-11      39.6446 
   4.35362e-11      37.7713 
   4.80221e-11      35.9889 
   5.29701e-11       34.293 
    5.8428e-11      32.6796 
   6.44483e-11      31.1447 
   7.10888e-11      29.6848 
   7.84136e-11      28.2962 
   8.64931e-11      26.9756 
   9.54051e-11      25.7198 
   1.05235e-10      24.5259 
   1.16078e-10      23.3909 
   1.28039e-10      22.3121 
   1.41231e-10      21.2869 
   1.55784e-10      20.3129 
   1.71835e-10      19.3926 
   1.73048e-10      19.3231 
    1.8954e-10      18.5176 
   1.92215e-10      18.3871 
    2.0907e-10      17.6861 
   2.13516e-10      17.5012 
   2.30612e-10       16.896 
   2.37165e-10       16.664 
   2.54374e-10      16.1456 
   2.63448e-10      15.8723 
   2.80584e-10      15.4331 
   2.92627e-10      15.1245 
   3.09494e-10       14.757 
   3.25056e-10       14.418 
   3.41383e-10      14.1157 
    3.6106e-10      13.7514 
   3.76558e-10      13.5076 
   4.01072e-10      13.1222 
   4.15358e-10      12.9315 
   4.45496e-10      12.5292 
   4.58155e-10      12.3858 
   4.94865e-10      11.9702 
   5.05362e-10      11.8694 
   5.49678e-10       11.444 
   5.57433e-10       11.381 
   6.10592e-10      10.9488 
   6.14869e-10      10.9194 
   6.78223e-10      10.4835 
   7.48105e-10      10.0769 
   7.53383e-10      10.0462 
   8.25188e-10      9.69342 
    8.3683e-10      9.63624 
   9.10213e-10      9.33375 
   9.36077e-10      9.22718 
      1.004e-9      8.99393 
    1.04709e-9        8.846 
    1.10745e-9       8.6736 
    1.17128e-9      8.49134 
    1.22155e-9      8.37206 
    1.31019e-9      8.16188 
    1.34742e-9      8.08866 
    1.46558e-9      7.85637 
    1.48625e-9      7.82292 
    1.63939e-9      7.57529 
    1.65096e-9       7.5566 
    1.80831e-9      7.34898 
     1.8597e-9      7.28122 
    1.99463e-9      7.13629 
    2.09493e-9      7.02863 
    2.20016e-9      6.93743 
    2.37644e-9      6.78473 
    2.42685e-9      6.74979 
    2.67691e-9      6.57657 
    2.69579e-9       6.5635 
    2.95273e-9      6.42248 
    3.07947e-9      6.35296 
    3.25697e-9      6.27653 
    3.51794e-9      6.16421 
    3.59256e-9      6.13924 
    3.96272e-9      6.01548 
    4.04698e-9      5.98732 
    4.37103e-9      5.90454 
    4.68819e-9      5.82358 
    4.82141e-9      5.79801 
    5.31819e-9      5.70275 
    5.46931e-9      5.67379 
    5.86616e-9      5.61761 
    6.42558e-9      5.53846 
    6.47059e-9      5.53386 
     7.1373e-9      5.46586 
    7.65518e-9      5.41308 
    7.87271e-9      5.39756 
    8.68389e-9      5.33975 
     9.2492e-9      5.29949 
    9.57865e-9      5.28356 
    1.05656e-8      5.23587 
    1.13322e-8      5.19886 
    1.16543e-8      5.18868 
    1.28551e-8      5.15074 
    1.41796e-8      5.10894 
    1.56406e-8      5.08022 
    1.72522e-8      5.04858 
    1.82466e-8      5.02908 
    1.90298e-8      5.02008 
    2.09906e-8      4.99758 
    2.31534e-8       4.9728 
    2.43176e-8      4.95947 
    2.52419e-8      4.95181 
       2.53e-8      4.95134 
    2.79068e-8      4.93649 
    3.07823e-8      4.92013 
     3.3954e-8      4.90211 
    3.54114e-8      4.89384 
    3.74525e-8      4.88828 
    4.13115e-8      4.87779 
    4.55681e-8      4.86624 
    5.02633e-8      4.85352 
    5.31604e-8      4.84569 
    5.54423e-8      4.84317 
    6.11549e-8      4.83689 
    6.74561e-8      4.82998 
    7.44066e-8      4.82238 
    8.20732e-8      4.81401 
    8.80284e-8      4.80752 
    9.05297e-8      4.80667 
    9.98577e-8       4.8035 
    1.10147e-7      4.80002 
    1.21496e-7      4.79619 
    1.34014e-7      4.79198 
    1.47823e-7      4.78735 
    1.63054e-7      4.78226 
    1.73916e-7      4.77864 
    1.79855e-7      4.77826 
    1.98386e-7      4.77709 
    2.18827e-7      4.77582 
    2.41375e-7      4.77442 
    2.66245e-7      4.77289 
    2.93678e-7      4.77121 
    3.23938e-7      4.76937 
    3.57316e-7      4.76735 
    3.94132e-7      4.76512 
    4.34743e-7      4.76267 
    4.79537e-7      4.75998 
    4.90431e-7      4.75933 
    5.28947e-7      4.75921 
    5.83448e-7      4.75905 
    6.43565e-7      4.75888 
    7.09876e-7       4.7587 
     7.8302e-7      4.75851 
      8.637e-7       4.7583 
    9.52693e-7      4.75808 
    1.05086e-6      4.75784 
    1.15913e-6      4.75758 
    1.27857e-6      4.75729 
    1.42025e-6      4.75696 
    1.56659e-6      4.75662 
    1.72801e-6      4.75625 
    1.90606e-6      4.75584 
    2.10245e-6       4.7554 
    2.31908e-6      4.75491 
    2.55803e-6      4.75438 
    2.84137e-6      4.75375 
    3.13414e-6       4.7531 
    3.45707e-6      4.75239 
    3.81327e-6       4.7516 
    4.20618e-6      4.75074 
    4.63957e-6      4.74979 
    4.77821e-6      4.74949 
    5.11762e-6      4.74948 
    5.64492e-6      4.74946 
    6.18325e-6      4.74945 
    6.77258e-6      4.74944 
     7.5231e-6      4.74942 
    8.29826e-6      4.74941 
    9.28242e-6      4.74939 
    1.02389e-5      4.74938 
    1.12938e-5      4.74937 
    1.24575e-5      4.74936 
    1.36448e-5      4.74935 
    1.50508e-5      4.74933 
    1.66016e-5      4.74932 
    1.85705e-5      4.74931 
    2.04839e-5      4.74929 
    2.24374e-5      4.74928 
    2.45759e-5      4.74927 
    2.69195e-5      4.74926 
    3.01122e-5      4.74924 
    3.32148e-5      4.74922 
    3.71541e-5      4.74921 
    4.09823e-5      4.74919 
    4.48884e-5      4.74917 
    4.88247e-5      4.74916 
    5.34808e-5      4.74914 
    5.98236e-5      4.74911 
    6.59876e-5      4.74909 
    7.38137e-5      4.74906 
    8.19895e-5      4.74903 
    9.04375e-5        4.749 
    0.00010046      4.74897 
   0.000111587      4.74893 
   0.000122228      4.74889 
   0.000134822      4.74885 
   0.000149756       4.7488 
   0.000165186      4.74875 
    0.00018608      4.74868 
   0.000203816      4.74862 
   0.000223252      4.74856 
    0.00024283      4.74849 
   0.000265974      4.74842 
   0.000299617      4.74831 
   0.000330488      4.74821 
   0.000372274      4.74808 
   0.000407775      4.74796 
    0.00044664      4.74784 
   0.000485807      4.74771 
   0.000532136      4.74757 
   0.000599416      4.74735 
   0.000656579      4.74717 
   0.000734448      4.74692 
   0.000821553      4.74664 
   0.000918988      4.74634 
    0.00100658      4.74606 
    0.00111812       4.7457 
    0.00123333      4.74534 
    0.00142874      4.74472 
    0.00158707      4.74422 
    0.00173834      4.74374 
    0.00186447      4.74334 
    0.00201386      4.74286 
    0.00228449      4.74201 
    0.00268378      4.74074 
    0.00308738      4.73946 
    0.00357673      4.73791 
    0.00411462      4.73621 
    0.00460261      4.73467 
    0.00500621      4.73339 
    0.00620127       4.7296 
    0.00718416      4.72649 
    0.00849939      4.72233 
          0.01      4.71758 
     0.0100705      4.71736 
          0.02      4.68593 
      0.025155      4.66961 
     0.0294602      4.65598 
      0.034328      4.64057 
     0.0414268       4.6181 
     0.0503527      4.58985 
     0.0615813      4.55431 
      0.072626      4.51935 
     0.0882345      4.46994 
      0.115038       4.3851 
      0.152116      4.28025 
      0.202822      4.13688 
      0.217538      4.09526 
      0.253527      4.00353 
       0.31064      3.85795 
       0.31953      3.83529 
      0.362397      3.73633 
      0.405643      3.63648 
      0.420113      3.60308 
      0.469316      3.49988 
      0.514208      3.40573 
      0.521462      3.39051 
      0.612637      3.21662 
      0.625632      3.19183 
      0.724794      3.01892 
      0.828536      2.85342 
      0.864101      2.80144 
      0.932103      2.70207 
       1.02842      2.57289 
       1.03567      2.56316 
       1.13924      2.43549 
       1.22551      2.33765 
        1.2428      2.31804 
       1.34637      2.20994 
       1.43978      2.12024 
       1.44994      2.11049 
       1.56439      2.00989 
       1.65707      1.93616 
           1.7        1.902 
       1.83827      1.80621 
       1.89051      1.77384 
       1.92681      1.75135 
          2.01      1.70499 
          2.03      1.70184 
          2.04      1.70838 
          2.05      1.73497 
         2.055      1.76995 
       2.05683      1.79779 
          2.06        1.846 
         2.064      1.98255 
         2.066      2.10956 
         2.068      2.31757 
        2.0695      2.58216 
          2.07      2.67485 
       2.07075      2.87647 
         2.071      2.94841 
       2.07175       3.2216 
         2.072      3.31842 
       2.07275      3.68257 
         2.073      3.81049 
       2.07375      4.27504 
         2.074      4.43483 
         2.075      5.14235 
         2.076      5.77573 
        2.0763      5.91543 
        2.0766      6.01427 
        2.0769      6.07066 
       2.07713      6.08354 
        2.0774      6.06489 
        2.0777      6.00323 
         2.078      5.89902 
         2.079      5.36884 
          2.08      4.73324 
       2.08188      3.72443 
         2.082      3.66427 
       2.08225      3.57381 
       2.08375      3.07715 
         2.084      2.99942 
         2.085      2.79813 
         2.086      2.60472 
         2.088      2.36127 
          2.09      2.20337 
         2.095      1.98774 
           2.1      1.88383 
          2.11      1.78817 
          2.12      1.74439 
          2.13       1.7192 
          2.14      1.70245 
          2.16      1.68049 
          2.18       1.6657 
          2.22      1.64512 
          2.28      1.62477 
          2.36      1.60988 
           2.4      1.60736 
          2.46      1.61052 
          2.52      1.62362 
          2.56      1.63922 
       2.58917      1.65561 
           2.6      1.66169 
          2.64      1.69276 
          2.68      1.73496 
          2.71      1.77682 
          2.73      1.81041 
          2.75      1.85009 
          2.76      1.87164 
          2.78      1.92384 
           2.8      1.99441 
         2.805      2.02454 
         2.807      2.04356 
         2.808      2.05513 
          2.81      2.09455 
         2.812      2.18444 
       2.81288       2.2722 
         2.813      2.28953 
       2.81325      2.34072 
       2.81387      2.48362 
         2.814      2.52037 
       2.81419      2.59644 
       2.81437      2.68402 
        2.8145      2.75387 
       2.81463      2.84162 
       2.81481      2.99121 
       2.81494      3.10262 
       2.81503      3.20426 
       2.81512      3.32425 
       2.81531      3.58994 
       2.81544      3.77979 
        2.8155      3.88433 
       2.81562      4.11781 
       2.81588      4.61673 
       2.81597      4.77889 
       2.81606      4.90296 
       2.81619      5.01832 
       2.81631      5.10895 
       2.81641        5.154 
       2.81644      5.15875 
        2.8165       5.1449 
       2.81656      5.09666 
       2.81663      5.01898 
       2.81675      4.81803 
       2.81713      4.15826 
       2.81737      3.71104 
       2.81747      3.55801 
       2.81756      3.42634 
       2.81769       3.2788 
       2.81787      3.07927 
       2.81797      2.99198 
       2.81806      2.92231 
       2.81819      2.85251 
       2.81888      2.52735 
         2.819      2.47901 
       2.81912        2.446 
       2.81988      2.31227 
          2.82      2.29447 
       2.82025      2.27432 
         2.822      2.17025 
         2.824      2.13314 
         2.826      2.12148 
         2.828      2.11963 
         2.835      2.13878 
         2.845       2.1872 
         2.855        2.247 
         2.865       2.3172 
         2.875      2.39928 
         2.885      2.49561 
         2.895      2.60904 
         2.905      2.74224 
         2.915      2.89565 
          2.93      3.14246 
         2.935      3.21238 
          2.94      3.26055 
         2.943      3.27271 
         2.946      3.26639 
         2.947      3.26092 
          2.95       3.2256 
         2.955      3.10669 
          2.96       2.9079 
         2.965      2.64089 
         2.975      2.03503 
          2.98      1.76906 
         2.985      1.55646 
          2.99      1.39991 
         2.995      1.29294 
             3      1.22561 
         3.005      1.18805 
          3.01      1.17193 
         3.015      1.17087 
          3.02      1.18015 
         3.025      1.19639 
          3.03      1.21725 
          3.04      1.26663 
          3.07      1.42793 
          3.09      1.52925 
          3.11      1.62342 
          3.14      1.75389 
          3.18      1.91387 
          3.23      2.09848 
          3.28      2.26741 
          3.32      2.38858 
          3.36      2.49359 
          3.39      2.55952 
          3.42      2.61299 
          3.45      2.65304 
          3.48      2.67924 
          3.52      2.69279 
         3.555      2.68459 
          3.59      2.66266 
       3.59945      2.65253 
          3.63       2.6198 
          3.68      2.54675 
          3.74      2.43966 
          3.95      2.01941 
          4.01       1.9119 
          4.05      1.85272 
       4.05643      1.84604 
          4.08      1.82156 
           4.1      1.81151 
          4.11      1.81108 
         4.125      1.81853 
          4.14      1.83594 
          4.15      1.85536 
          4.16      1.88143 
          4.17      1.91448 
         4.185      1.97717 
          4.22      2.15019 
          4.23      2.19357 
          4.24      2.22802 
          4.25      2.25136 
          4.26      2.26277 
         4.265      2.26279 
          4.27       2.2627 
          4.28      2.25258 
          4.29      2.23432 
          4.31       2.1815 
          4.37       1.9899 
           4.4      1.90429 
          4.43      1.82949 
          4.46      1.76421 
           4.5      1.68908 
          4.55      1.60952 
           4.6       1.5414 
          4.66      1.47014 
           4.8      1.32603 
         4.813      1.30793 
          4.82      1.30653 
          4.83      1.30255 
          4.84      1.29733 
          4.85      1.29155 
          4.86      1.28542 
          4.87      1.28059 
          4.88      1.27559 
          4.89      1.27046 
         4.906      1.26203 
         4.908      1.26094 
          4.92      1.25883 
         4.924      1.26214 
        4.9245      1.26255 
         4.927      1.26929 
         4.928      1.27344 
          4.93      1.29099 
         4.931      1.30842 
         4.932      1.33967 
       4.93275      1.38315 
         4.933      1.40268 
       4.93325      1.43366 
       4.93381      1.51542 
       4.93394      1.54088 
         4.934       1.5577 
       4.93412      1.60081 
       4.93425      1.65285 
       4.93475      1.87815 
       4.93488      1.94438 
       4.93497      2.00821 
       4.93503      2.06063 
       4.93512      2.15422 
       4.93522      2.26179 
       4.93531      2.37989 
       4.93541      2.51141 
       4.93547      2.61025 
       4.93553       2.7201 
       4.93563      2.90476 
       4.93587      3.44134 
       4.93597      3.62071 
       4.93606      3.77149 
       4.93616      3.89442 
       4.93625      3.99483 
       4.93634       4.0689 
       4.93641        4.094 
       4.93644      4.09624 
       4.93648      4.08431 
       4.93653      4.05277 
       4.93656      4.02095 
       4.93663      3.93417 
       4.93669      3.82334 
       4.93681      3.56491 
       4.93694      3.29895 
       4.93706      3.04869 
       4.93719      2.81686 
       4.93731      2.59895 
       4.93741      2.44776 
       4.93747      2.35647 
       4.93753       2.2746 
       4.93762      2.16906 
       4.93772      2.07894 
       4.93781      1.99786 
       4.93794      1.90089 
       4.93803      1.83892 
       4.93813      1.78681 
       4.93825      1.72805 
       4.93844      1.65226 
       4.93856      1.61069 
       4.93875      1.56097 
       4.93894      1.51898 
       4.93913      1.48496 
       4.93937      1.44883 
       4.93962      1.41969 
          4.94       1.3869 
        4.9405       1.3582 
         4.941      1.33313 
         4.942      1.30393 
         4.943      1.28653 
         4.944      1.27529 
         4.946      1.26182 
         4.948      1.25408 
         4.952      1.24541 
         4.964      1.23358 
         4.978       1.2261 
          5.01      1.20871 
       5.03527      1.19722 
          5.06      1.18598 
          5.15      1.14446 
       5.26647      1.09036 
          5.28      1.08447 
        5.2975      1.07684 
          5.31      1.07444 
        5.3175      1.07782 
          5.32      1.08082 
        5.3225      1.08391 
         5.325      1.08813 
          5.33      1.10365 
         5.335       1.1324 
          5.34      1.18543 
         5.342      1.21778 
         5.344      1.25957 
         5.346      1.31328 
         5.348      1.38194 
          5.35      1.46856 
         5.352      1.57514 
         5.354      1.70067 
         5.358      1.97372 
          5.36      2.08512 
         5.362      2.15223 
         5.364      2.16559 
         5.366      2.13065 
         5.366      2.13065 
         5.368       2.0627 
          5.37      1.97702 
         5.372      1.89111 
         5.375      1.76921 
          5.38      1.60818 
         5.385      1.49539 
          5.39       1.4165 
         5.395      1.35988 
           5.4      1.31794 
         5.405      1.28595 
          5.41      1.26094 
         5.415      1.24075 
          5.42      1.22436 
          5.43      1.19893 
          5.44      1.18034 
          5.45      1.16591 
          5.47      1.14511 
          5.48      1.13812 
           5.5      1.12454 
          5.52      1.11552 
          5.54      1.10681 
          5.56       1.1011 
           5.6      1.09031 
          5.62      1.08702 
          5.68       1.0782 
          5.74      1.07505 
          5.76      1.07427 
          5.84      1.07695 
           5.9      1.08327 
          5.96      1.09317 
             6      1.10278 
          6.01      1.10487 
          6.04      1.11417 
          6.06      1.11962 
          6.08      1.12783 
          6.11      1.14322 
          6.12      1.15045 
          6.13      1.15745 
          6.15      1.17675 
         6.165      1.19685 
         6.175      1.21378 
          6.18      1.22314 
        6.1812      1.22602 
          6.19      1.24714 
           6.2       1.2776 
          6.21      1.31788 
          6.22      1.37217 
          6.23      1.44726 
          6.24      1.55381 
         6.245      1.62375 
          6.25      1.70833 
         6.254      1.78851 
         6.258      1.88149 
         6.262      1.98845 
         6.266      2.10965 
          6.27      2.24536 
         6.272      2.31413 
         6.276      2.45402 
         6.279      2.55907 
         6.282      2.65153 
         6.284      2.70254 
         6.285      2.72259 
         6.286      2.74263 
         6.288      2.76965 
          6.29      2.78153 
         6.291      2.78042 
         6.292      2.77828 
         6.293      2.76906 
         6.294        2.759 
         6.295      2.74221 
         6.296      2.72442 
         6.298      2.67673 
         6.301      2.58396 
         6.304      2.47385 
         6.305      2.43506 
         6.313      2.12151 
         6.314      2.08544 
         6.316       2.0145 
         6.318      1.95002 
         6.319      1.91835 
          6.32      1.88964 
         6.322      1.83318 
         6.324      1.78475 
         6.325      1.76118 
         6.326      1.74042 
         6.328      1.70036 
          6.33       1.6681 
         6.331      1.65292 
         6.332      1.64007 
         6.334      1.61653 
         6.336      1.59929 
         6.338      1.58806 
          6.34      1.57917 
         6.342      1.57554 
         6.346      1.57049 
         6.348      1.56637 
          6.35       1.5592 
         6.352      1.54788 
         6.354      1.53195 
         6.356      1.51164 
         6.358      1.48766 
          6.36      1.46283 
         6.362      1.43629 
         6.365       1.3983 
          6.37      1.34099 
         6.375      1.29341 
          6.38      1.25463 
         6.385      1.22382 
        6.3875      1.20983 
          6.39      1.19678 
         6.395      1.17568 
           6.4      1.15628 
          6.41      1.12639 
          6.42      1.10409 
         6.425      1.09405 
          6.43      1.08558 
         6.435      1.07788 
          6.44      1.07099 
          6.45      1.06597 
         6.455      1.06398 
          6.47      1.06021 
          6.49      1.05752 
           6.5      1.04711 
          6.51       1.0367 
       6.51031      1.03663 
          6.54     0.971956 
         6.553     0.895255 
        6.5565     0.872401 
          6.56     0.848637 
          6.57     0.769684 
          6.58     0.732474 
          6.59     0.743281 
          6.59     0.743281 
           6.6     0.737995 
          6.62     0.781714 
          6.64     0.764334 
       6.65575     0.914362 
         6.658     0.934802 
         6.665     0.863873 
       6.66512     0.862891 
          6.67     0.849161 
          6.68     0.842833 
           6.7     0.836595 
          6.75     0.815845 
          6.81     0.797902 
          6.92     0.769906 
             7     0.745093 
         7.053     0.749094 
           7.1     0.748846 
          7.14     0.768107 
          7.14     0.768107 
          7.18     0.797731 
           7.2     0.844631 
          7.22     0.878283 
        7.2225      0.88274 
         7.225     0.887943 
          7.25      0.97679 
          7.27      1.06917 
          7.28       1.1388 
          7.34      1.64467 
          7.35      1.75546 
          7.36      1.75585 
          7.37      1.80819 
           7.4      1.78244 
       7.40125      1.78074 
          7.42      1.77081 
          7.47      1.75565 
         7.529      1.75391 
         7.542      1.73468 
         7.553       1.7252 
         7.594      1.70363 
          7.62      1.70106 
       7.64937      1.72205 
          7.65      1.72416 
       7.66113       1.7617 
         7.667       1.7823 
          7.68      1.80891 
         7.698      1.92704 
           7.7        1.933 
         7.725       2.2252 
         7.745      2.42464 
          7.75       2.3921 
         7.767      2.29278 
          7.77      2.27298 
         7.789      2.14338 
          7.81      2.05397 
         7.819      2.05878 
          7.86      2.00173 
        7.8864      1.96984 
         7.888      1.94962 
         7.897      1.94564 
          7.93      1.91262 
         7.936       1.8916 
             8      1.85292 
         8.005      1.86302 
          8.01      1.81766 
         8.014      1.85428 
         8.044      1.84337 
         8.053       1.8824 
         8.079      1.88453 
          8.08       1.8765 
           8.1       1.8871 
       8.10002      1.88715 
         8.101      1.90256 
         8.105      1.88791 
         8.109      1.86761 
          8.12         1.85 
         8.131      1.81403 
         8.138       1.7984 
          8.16      1.71476 
         8.166      1.66998 
           8.2      1.51703 
          8.21      1.47121 
          8.24      1.39998 
          8.28      1.29975 
        8.2958      1.26342 
        8.2962      1.25964 
          8.32      1.23412 
          8.33      1.21346 
           8.4      1.13705 
         8.426      1.13554 
         8.448      1.11801 
          8.45      1.10225 
          8.48      1.10701 
        8.4995      1.08287 
           8.5      1.07614 
          8.52      1.08334 
         8.553      1.06647 
           8.6      1.07879 
       8.60375      1.07953 
         8.611      1.07938 
         8.664      1.06612 
       8.67775      1.06641 
           8.7      1.06813 
         8.708      1.06289 
          8.75      1.06153 
         8.768      1.06779 
           8.8      1.07198 
         8.833      1.07639 
          8.85      1.07729 
         8.885      1.09755 
          8.92      1.08647 
          8.94      1.10399 
          8.98      1.13141 
             9      1.13282 
         9.005      1.15278 
          9.02      1.15467 
          9.03      1.16731 
       9.03094      1.16824 
         9.045      1.17493 
         9.053      1.19754 
         9.067      1.19701 
          9.08      1.22354 
         9.149      1.28883 
         9.163      1.30732 
          9.18      1.30215 
        9.2065      1.32156 
         9.219      1.32963 
          9.25      1.32599 
         9.254       1.3392 
           9.3      1.31981 
          9.36      1.29299 
           9.4      1.27012 
          9.45      1.25301 
           9.5      1.23531 
         9.522      1.23499 
         9.553      1.22366 
       9.55888        1.229 
          9.56      1.22936 
          9.59       1.2216 
           9.6      1.21932 
          9.63      1.22293 
          9.64      1.23144 
         9.678      1.22501 
          9.68       1.2241 
         9.692      1.22604 
           9.7      1.23613 
         9.726      1.23094 
          9.74      1.24591 
          9.75      1.22667 
           9.8      1.22937 
         9.821      1.21753 
          9.83      1.21876 
         9.868      1.19828 
           9.9      1.18223 
         9.917      1.18296 
         9.921      1.17323 
            10      1.17299 
         10.05      1.14744 
        10.053      1.13888 
         10.17       1.1183 
       10.1948      1.11641 
         10.25      1.11221 
          10.3       1.1116 
       10.3387      1.12561 
        10.372       1.1377 
          10.4       1.1457 
        10.448      1.16152 
        10.478      1.17928 
       10.4845      1.18415 
          10.5       1.1957 
        10.506      1.19652 
        10.536       1.2121 
         10.55       1.2096 
        10.553       1.2224 
         10.62       1.2546 
         10.69       1.2985 
          10.7       1.2988 
       10.7019      1.30003 
         10.75       1.3314 
          10.8       1.3552 
         10.83      1.37426 
       10.8529       1.3863 
          10.9       1.4111 
         10.94       1.4202 
            11      1.40844 
        11.004       1.4005 
        11.006      1.40053 
        11.053       1.4012 
        11.096       1.3889 
          11.1       1.3939 
         11.17       1.4012 
       11.2089       1.3942 
         11.25      1.38683 
          11.3       1.3832 
       11.3671      1.37662 
          11.4       1.3734 
          11.5       1.3565 
       11.5274      1.35055 
        11.553        1.345 
        11.708      1.33708 
        11.716      1.34045 
         11.75       1.3548 
        11.751       1.3492 
          11.8       1.3592 
        11.828      1.37329 
       11.8813      1.40245 
          11.9       1.4127 
        11.909        1.408 
        11.917       1.4217 
            12       1.4264 
       12.0489       1.4442 
         12.05       1.4446 
        12.053         1.45 
        12.088       1.4491 
          12.1       1.4516 
        12.196       1.3872 
        12.223      1.37542 
        12.224        1.375 
         12.25       1.3675 
          12.3       1.3453 
       12.3955      1.32582 
          12.4       1.3249 
          12.5      1.33127 
        12.553      1.34135 
        12.599      1.34758 
          12.7       1.3665 
       12.7301      1.36689 
        12.738        1.367 
        12.792       1.3876 
          12.9        1.402 
       12.9097      1.40432 
         12.99       1.4235 
            13      1.42099 
        13.053       1.4156 
         13.12       1.4164 
       13.2372      1.40829 
         13.25       1.4074 
         13.28        1.395 
          13.3       1.3973 
       13.4239      1.39447 
       13.4876      1.39302 
          13.5      1.39273 
         13.54          1.4 
        13.553      1.39966 
        13.587       1.4005 
        13.646        1.386 
          13.7      1.38121 
       13.7442      1.37645 
        13.767        1.374 
        13.822       1.3487 
         13.83      1.34809 
       13.9381      1.33408 
        13.965       1.3306 
            14       1.3023 
        14.053      1.31546 
        14.182       1.3294 
         14.25       1.3343 
       14.2513      1.33415 
        14.364       1.3212 
        14.419       1.3122 
       14.4523      1.31321 
        14.472       1.3138 
          14.5      1.32005 
        14.553        1.334 
        14.566       1.3345 
        14.653       1.3631 
        14.694       1.3793 
         14.75      1.38065 
       14.7583      1.37911 
        14.767       1.3775 
        14.807      1.38056 
        14.812      1.38233 
        14.837      1.38552 
        14.863      1.38869 
        14.888       1.3902 
        14.892       1.3966 
        14.909      1.39926 
        14.927       1.3965 
        14.962       1.3968 
       14.9665      1.39771 
        14.996       1.4036 
            15       1.3975 
        15.045      1.41032 
        15.053       1.4146 
        15.093       1.4254 
        15.248      1.43394 
        15.263       1.4339 
       15.2654      1.43416 
        15.448       1.4544 
        15.477      1.45562 
       15.4807      1.45586 
          15.5      1.45709 
        15.553       1.4639 
        15.731       1.4797 
       15.7724      1.48458 
       15.9529      1.50586 
        15.966       1.5074 
         15.97       1.5137 
         15.99         1.51 
       15.9949      1.51277 
            16       1.5156 
        16.053       1.5027 
        16.068      1.50168 
        16.256      1.46331 
       16.2795      1.45611 
        16.347      1.43541 
        16.443      1.43822 
          16.5      1.43287 
       16.5092      1.43177 
        16.532      1.42902 
        16.553      1.42591 
        16.695       1.4085 
       16.7865      1.40212 
         16.82      1.39978 
        16.824       1.3994 
        16.974      1.39568 
            17      1.39717 
       17.0234      1.39898 
        17.053      1.40128 
        17.074      1.40588 
        17.138      1.39809 
       17.2936      1.39328 
        17.298      1.39315 
          17.3      1.39309 
        17.301      1.40639 
        17.431      1.40153 
        17.467      1.40109 
          17.5      1.40564 
       17.5376      1.40922 
        17.553      1.41069 
        17.616      1.41649 
        17.687      1.41763 
       17.8006      1.42517 
          17.9      1.43176 
        17.901       1.4345 
            18      1.44297 
       18.0518      1.45247 
        18.053       1.4527 
        18.087      1.44669 
        18.158      1.46791 
        18.273       1.4657 
       18.3077      1.46494 
         18.46       1.4616 
          18.5      1.46982 
        18.516       1.4729 
        18.553      1.47615 
        18.632      1.48308 
          18.7      1.48711 
       18.8148       1.4854 
        18.833      1.48512 
            19      1.48753 
         19.03      1.48801 
        19.034      1.48824 
        19.053      1.48813 
        19.185      1.49064 
       19.3218       1.4932 
        19.346      1.49365 
       19.4557      1.49682 
          19.5       1.4981 
        19.511      1.49811 
        19.553      1.49919 
          19.6      1.50027 
        19.661      1.50155 
        19.794      1.50422 
       19.8289       1.5048 
        19.892      1.50584 
            20        1.507 
            20      1.50679 
       20.2822      1.49286 
       20.2955       1.4922 
       20.5683      1.46648 
       20.5818      1.46521 
       20.8585      1.43913 
       20.8722      1.43784 
            21      1.42579 
       21.1528      1.42228 
       21.2963      1.41898 
       21.4512      1.41541 
       21.5967      1.41207 
       21.7538      1.40845 
       21.9014      1.40506 
            22      1.40279 
       22.0607      1.40285 
       22.3104       1.4031 
        22.372      1.40316 
       22.6251      1.40342 
       22.6876      1.40348 
       22.9443      1.40374 
            23      1.40379 
       23.0077      1.40386 
       23.3245      1.40657 
       23.3323      1.40664 
       23.6536      1.40938 
       23.6615      1.40945 
       23.9873      1.41224 
       23.9953      1.41231 
            24      1.41235 
       24.2789      1.40768 
       24.3338      1.40604 
       24.6215      1.39741 
       24.6771      1.39574 
       24.9688      1.38699 
            25      1.38606 
       25.0253      1.38573 
       25.3527      1.38139 
       25.3783      1.38105 
       25.7104      1.37666 
       25.7364      1.37631 
            26      1.37282 
       26.0995       1.3712 
       26.3668      1.36684 
       26.4677       1.3652 
       26.7388      1.36078 
       26.8411      1.35911 
       27.0587      1.35556 
       27.2198      1.35228 
       27.4404      1.34779 
       27.6038      1.34446 
       27.8276      1.33991 
       27.9932      1.33653 
       28.2201      1.33191 
       28.3882      1.32849 
       28.6183       1.3238 
       28.7887      1.32033 
        29.022      1.31558 
       29.1948      1.31206 
       29.4315      1.30725 
       29.6067      1.30368 
       29.8467      1.29879 
       30.0244      1.29517 
       30.2678      1.29022 
        30.448      1.28655 
       30.6948      1.28152 
       30.8776       1.2778 
            31      1.27531 
       31.3132      1.26967 
       31.4374      1.26744 
        31.755      1.26172 
       31.8809      1.25945 
        32.203      1.25366 
       32.3307      1.25136 
       32.6573      1.24548 
       32.7868      1.24315 
       33.1181      1.23719 
       33.2494      1.23483 
       33.5853      1.22878 
       33.7184      1.22639 
       34.0591      1.22026 
       34.1941      1.21783 
       34.5184      1.21199 
       34.5396      1.21162 
       34.6766      1.20926 
       35.0269      1.20321 
       35.1658      1.20081 
       35.5211      1.19468 
       35.6619      1.19225 
            36      1.18641 
       36.0222      1.18599 
       36.5079      1.17673 
       36.5304       1.1763 
        37.023      1.16692 
       37.0458      1.16649 
       37.5453      1.15697 
       37.5685      1.15653 
            38      1.14831 
        38.075      1.14693 
       38.0985      1.14649 
       38.6121      1.13703 
        38.636      1.13659 
       39.1569      1.12699 
       39.1811      1.12654 
       39.7093       1.1168 
       39.7338      1.11635 
       40.2696      1.10648 
       40.2944      1.10602 
       40.8377        1.096 
       40.8629      1.09554 
            41      1.09301 
       41.4394      1.08546 
       41.5784      1.08307 
        42.024      1.07541 
        42.165      1.07298 
       42.6169      1.06521 
       42.7599      1.06276 
       43.2182      1.05488 
       43.3632      1.05238 
       43.8279      1.04439 
       43.9749      1.04187 
       44.4462      1.03376 
       44.5954       1.0312 
            45      1.02424 
       45.0733      1.02306 
       45.6349      1.01402 
       45.7092      1.01283 
            46      1.00814 
       46.2787      1.00378 
       46.3541       1.0026 
       46.9316     0.993568 
        47.008     0.992372 
       47.5937     0.983208 
       47.6712     0.981996 
       48.2652     0.972703 
       48.3438     0.971473 
       48.9461     0.962049 
            49     0.961206 
       49.0258     0.960826 
       49.6913     0.951034 
       49.7175     0.950649 
       50.3924     0.940719 
       50.4189     0.940328 
       51.1033     0.930258 
       51.1303     0.929861 
       51.8243     0.919649 
       51.8516     0.919247 
            52     0.917063 
       52.5554     0.909022 
       52.5831     0.908621 
            53     0.902586 
        53.325     0.898245 
       53.7477     0.892599 
       54.0773     0.888197 
        54.506     0.882471 
       54.8402     0.878007 
        55.275       0.8722 
       55.6139     0.867673 
       56.0548     0.861784 
       56.3986     0.857193 
       56.8457     0.851221 
            57      0.84916 
       57.1942     0.846751 
       57.8042     0.839186 
       58.0011     0.836743 
       58.6197     0.829072 
       58.8194     0.826595 
            59     0.824355 
       59.4467     0.818936 
       59.6493     0.816479 
       60.2854     0.808762 
       60.4908      0.80627 
            61     0.800093 
       61.3442     0.796229 
       61.8606     0.790434 
       62.2097     0.786516 
       62.7333     0.780639 
       63.0874     0.776666 
       63.6184     0.770705 
       63.9774     0.766676 
       64.5159     0.760632 
         64.88     0.756546 
            65     0.755199 
       65.7954     0.746922 
        65.917     0.745655 
       66.7236     0.737261 
        66.847     0.735977 
        67.665     0.727464 
       67.7901     0.726161 
       68.6196     0.717528 
       68.7465     0.716208 
            69     0.713569 
       69.5877     0.707868 
       69.9735     0.704125 
       70.5695     0.698344 
       70.9607     0.694548 
       71.5651     0.688685 
       71.9618     0.684836 
       72.5747      0.67889 
       72.9771     0.674987 
            73     0.674764 
       73.5986     0.668936 
            74     0.665028 
        74.637     0.659208 
        75.044     0.655489 
       75.6899     0.649587 
       76.1027     0.645815 
       76.7578      0.63983 
       77.1764     0.636005 
       77.8407     0.629936 
            78      0.62848 
       78.9389     0.620962 
       79.1004     0.619668 
       80.0526     0.612043 
       80.2164     0.610731 
        81.182     0.602999 
       81.3481     0.601668 
            82     0.596448 
       82.3273     0.593955 
       82.4958     0.592672 
       83.4888     0.585108 
       83.6597     0.583807 
            84     0.581214 
       84.6667     0.576262 
            85     0.573786 
       85.1851     0.572495 
       85.8612     0.567777 
       86.3869     0.564109 
       87.0725     0.559325 
       87.6057     0.555606 
            88     0.552854 
        88.301      0.55089 
       88.8416     0.547362 
       89.5467      0.54276 
            90     0.539802 
        90.095     0.539239 
       90.8101     0.535004 
            91     0.533879 
            92     0.527458 
       92.0912     0.526931 
       92.2839     0.525818 
       93.3905     0.519424 
       93.5858     0.518295 
            94     0.515902 
        94.708     0.512179 
       94.9061     0.511138 
       96.0442     0.505154 
       96.2451     0.504098 
       97.3992      0.49803 
       97.6029     0.496959 
            98     0.494871 
       98.7733     0.490918 
       98.9799     0.489862 
            99      0.48976 
           100     0.484977 
       100.167     0.484218 
       100.397     0.483171 
        101.58     0.477785 
       101.813     0.476724 
           102     0.475873 
       103.013     0.471565 
        103.25      0.47056 
           104     0.467368 
       104.466     0.465525 
       105.467     0.461572 
        105.94     0.459703 
           106     0.459467 
       107.435     0.453912 
       107.495     0.453677 
           108     0.451724 
       108.951     0.447964 
       109.524     0.445698 
           110     0.443814 
       110.488     0.441933 
       111.552     0.437829 
           112     0.436101 
       112.047     0.435949 
        113.58     0.430939 
       113.627     0.430785 
       115.183     0.425704 
        115.23     0.425547 
           116     0.423033 
       116.856     0.420266 
       117.637     0.417743 
           118     0.416568 
       118.505     0.414795 
       119.665      0.41072 
           120     0.409543 
       120.177     0.408944 
       121.353     0.404958 
       121.872     0.403199 
       123.065     0.399155 
       123.591     0.397372 
           124     0.395987 
       125.335     0.391812 
       125.749     0.390517 
       127.103     0.386283 
       127.524     0.384969 
           128     0.383479 
       128.897     0.381134 
       129.806     0.378756 
       130.715     0.376378 
       131.637     0.373967 
           132     0.373018 
       132.559     0.371686 
       133.862     0.368582 
       134.429     0.367232 
       135.751     0.364084 
           136     0.363491 
       136.326     0.362778 
       137.919     0.359297 
       138.249     0.358574 
       139.865     0.355043 
           140     0.354747 
         140.2      0.35434 
       141.975     0.350722 
       142.178      0.35031 
       143.978     0.346641 
           144     0.346596 
       144.184     0.346247 
       146.032     0.342724 
       146.218      0.34237 
           148     0.338973 
       148.281     0.338467 
           150     0.335369