         4.813            0 
          4.82   0.00834038 
          4.83    0.0130181 
          4.84    0.0164483 
          4.85    0.0193107 
          4.86    0.0218307 
          4.87     0.024116 
          4.88     0.026228 
          4.89    0.0282058 
         4.906    0.0311543 
         4.924    0.0342292 
         4.948    0.0380357 
         4.978    0.0424556 
          5.01    0.0468806 
          5.06    0.0534086 
          5.15    0.0645675 
          5.28    0.0802705 
          5.32    0.0850773 
          5.33    0.0866734 
         5.335    0.0878183 
          5.34    0.0895206 
         5.342    0.0904731 
         5.344    0.0916611 
         5.346    0.0931609 
         5.348    0.0950663 
          5.35    0.0974819 
         5.352     0.100501 
         5.354     0.104153 
         5.358     0.112676 
          5.36     0.116638 
         5.362     0.119594 
         5.364     0.121162 
         5.366     0.121364 
         5.368     0.120534 
          5.37     0.119101 
         5.375     0.114932 
          5.38     0.111567 
         5.385     0.109302 
          5.39      0.10788 
         5.395     0.107042 
           5.4     0.106602 
         5.405     0.106442 
         5.415     0.106668 
          5.43     0.107797 
          5.45     0.110056 
          5.48     0.114243 
          5.52     0.120634 
          5.56     0.127655 
          5.62      0.13916 
          5.68     0.151724 
          5.74      0.16522 
           5.9      0.20336 
          5.96     0.216665 
             6     0.224466 
          6.04     0.231027 
          6.08     0.236081 
          6.12     0.239555 
          6.18     0.243344 
           6.2     0.245819 
          6.21     0.247981 
          6.22     0.251288 
          6.23     0.256456 
          6.24     0.264668 
         6.245     0.270485 
          6.25     0.277872 
         6.254     0.285181 
         6.258     0.293983 
         6.262       0.3045 
         6.266     0.316894 
          6.27     0.331176 
         6.276     0.355364 
         6.282      0.37982 
         6.284     0.387029 
         6.286     0.393312 
         6.288       0.3984 
         6.291     0.403295 
         6.293     0.404515 
         6.295     0.404042 
         6.298     0.400305 
         6.301     0.393449 
         6.305      0.38092 
         6.314     0.349034 
         6.318     0.337227 
          6.32     0.332487 
         6.322     0.328713 
         6.324     0.326057 
         6.326     0.324688 
         6.328     0.324794 
          6.33     0.326589 
         6.332     0.330304 
         6.334      0.33617 
         6.336     0.344383 
         6.338     0.355038 
          6.34     0.368037 
         6.342     0.382977 
         6.346     0.415064 
         6.348     0.429506 
          6.35     0.440905 
         6.352     0.448158 
         6.354     0.450801 
         6.356     0.449053 
         6.358     0.443642 
          6.36     0.435538 
         6.362     0.425713 
          6.37     0.382722 
         6.375     0.359302 
          6.38     0.339896 
         6.385     0.324014 
          6.39     0.310952 
         6.395     0.300085 
           6.4     0.290917 
          6.41      0.27627 
          6.42     0.264995 
          6.43     0.255931 
          6.44     0.248385 
          6.45     0.241921 
          6.47       0.2311 
          6.49       0.2262 
          6.51       0.2319 
          6.54       0.2653 
         6.553       0.2629 
          6.56       0.2572 
          6.57        0.238 
          6.58       0.2299 
          6.59       0.2372 
           6.6       0.2228 
          6.62       0.2039 
          6.64       0.1709 
         6.658       0.1979 
         6.665       0.1796 
          6.67       0.1779 
          6.68       0.1804 
           6.7         0.18 
          6.75       0.1648 
          6.81       0.1511 
          6.92       0.1628 
         7.053       0.1754 
           7.1       0.1786 
          7.14       0.1842 
          7.18        0.194 
           7.2       0.2027 
          7.22       0.2067 
         7.225       0.2082 
          7.25       0.2254 
          7.28       0.2485 
          7.34       0.3014 
          7.35       0.3131 
          7.36       0.3181 
          7.37       0.3273 
           7.4       0.3441 
          7.42       0.3452 
          7.47       0.3463 
         7.529       0.3258 
         7.542       0.3186 
         7.594       0.3024 
          7.62       0.3012 
          7.65       0.3011 
         7.667       0.3019 
          7.68       0.3016 
         7.698       0.3057 
           7.7       0.3054 
         7.725        0.323 
         7.745       0.3312 
          7.75       0.3308 
          7.77       0.3399 
         7.789       0.3452 
          7.81       0.3542 
         7.819       0.3554 
          7.86       0.3497 
        7.8864       0.3449 
         7.888     0.342902 
         7.897     0.342315 
         7.936      0.35017 
             8      0.37356 
         8.005     0.380167 
          8.01     0.382174 
         8.014      0.39128 
         8.044     0.422223 
         8.053     0.429636 
         8.079     0.444574 
          8.08     0.443975 
           8.1     0.455804 
         8.101     0.458805 
         8.109     0.457217 
          8.12     0.459633 
         8.131     0.459549 
         8.138     0.460459 
          8.16      0.45889 
         8.166     0.455799 
           8.2     0.452448 
          8.21     0.433062 
          8.24     0.396206 
          8.28     0.345563 
        8.2958     0.326186 
        8.2962     0.325187 
          8.32     0.306394 
          8.33     0.299966 
           8.4     0.266666 
         8.426     0.263612 
         8.448     0.262189 
          8.45     0.260123 
          8.48     0.261037 
        8.4995     0.258671 
           8.5      0.25778 
         8.553     0.262574 
           8.6     0.262966 
         8.611     0.262351 
         8.664     0.254945 
           8.7     0.254852 
         8.708     0.256287 
          8.75     0.267895 
         8.768     0.273698 
           8.8     0.283038 
         8.833     0.290994 
          8.85     0.294381 
         8.885     0.304571 
          8.92     0.309761 
          8.94     0.316998 
          8.98     0.320673 
             9      0.31021 
         9.005     0.311999 
          9.02     0.310965 
          9.03     0.311643 
         9.045     0.311409 
         9.053     0.313251 
         9.067       0.3124 
          9.08     0.314331 
         9.149     0.316456 
         9.163     0.317805 
          9.18     0.316607 
         9.219     0.317499 
          9.25      0.32045 
         9.254     0.322221 
          9.36     0.330804 
           9.4     0.333014 
          9.45     0.338102 
           9.5      0.34469 
         9.522     0.352671 
         9.553     0.362407 
          9.56     0.366128 
           9.6      0.36402 
          9.63     0.363839 
          9.64     0.364812 
         9.692     0.360712 
           9.7      0.36095 
         9.726       0.3562 
          9.74     0.357542 
          9.75     0.355115 
           9.8      0.36168 
         9.821     0.356543 
          9.83     0.355699 
         9.868     0.348156 
           9.9      0.34431 
         9.917     0.343904 
         9.921     0.342373 
            10      0.35374 
         10.05     0.350497 
        10.053     0.349128 
         10.17     0.348854 
         10.25     0.351625 
          10.3     0.358782 
        10.372     0.372236 
          10.4     0.378596 
        10.448     0.390299 
        10.478      0.39819 
          10.5     0.404407 
        10.536     0.413578 
         10.55     0.416038 
        10.553     0.418244 
         10.62     0.436437 
         10.69     0.456736 
          10.7     0.455922 
         10.75      0.45675 
          10.8     0.455678 
          10.9     0.455734 
         10.94     0.454376 
            11      0.47159 
        11.004     0.469804 
        11.053     0.460407 
        11.096     0.450238 
          11.1     0.449952 
         11.17     0.436855 
          11.3     0.423076 
          11.4     0.413438 
          11.5       0.4044 
        11.553     0.404485 
        11.708     0.406357 
         11.75     0.407363 
        11.751     0.406838 
          11.8     0.406948 
          11.9     0.410319 
        11.909       0.4098 
        11.917     0.410906 
            12      0.41919 
         12.05     0.419118 
        12.053     0.419856 
        12.088     0.417195 
          12.1     0.416746 
        12.196     0.402152 
        12.224     0.399003 
         12.25      0.39663 
          12.3     0.391058 
          12.4     0.383514 
          12.5      0.37717 
          12.7     0.386378 
        12.738     0.387028 
        12.792     0.391014 
          12.9     0.395259 
         12.99     0.395081 
            13      0.39315 
        13.053     0.395094 
         13.12     0.398615 
         13.25     0.403635 
         13.28     0.403101 
          13.3     0.404412 
          13.5      0.41382 
         13.54     0.417014 
        13.587     0.419451 
        13.646     0.419407 
        13.767     0.421822 
        13.822     0.420955 
         13.83     0.421496 
        13.965      0.42554 
            14      0.42067 
        14.182     0.425222 
         14.25      0.42531 
        14.364     0.421675 
        14.419     0.419401 
        14.472     0.406573 
          14.5     0.407938 
        14.553     0.412648 
        14.566      0.41333 
        14.653     0.421336 
        14.694     0.425619 
         14.75      0.42562 
        14.767     0.424974 
        14.888     0.423987 
        14.892     0.424559 
        14.909     0.424613 
        14.927     0.424135 
        14.962     0.425711 
        14.996     0.428318 
            15      0.42789 
        15.045     0.429484 
        15.053     0.430147 
        15.093     0.431564 
        15.248     0.422254 
        15.263     0.421985 
        15.448     0.414157 
        15.477     0.413531 
          15.5     0.412833 
        15.553     0.413173 
        15.731     0.415968 
        15.966     0.417504 
         15.97     0.417961 
         15.99     0.417547 
            16     0.417845 
        16.053     0.417571 
        16.068     0.417936 
        16.256     0.409256 
        16.347     0.400653 
        16.443     0.403608 
          16.5     0.403427 
        16.532     0.402472 
        16.553     0.401624 
        16.695     0.401152 
         16.82     0.402257 
        16.824     0.402186 
        16.974     0.403672 
            17     0.404123 
        17.053      0.40611 
        17.074     0.407085 
        17.138     0.408236 
          17.3     0.416768 
        17.301     0.415695 
        17.431     0.420897 
        17.467      0.42324 
          17.5     0.425315 
        17.553     0.426401 
        17.616     0.425331 
        17.901     0.415484 
            18     0.412241 
        18.053     0.409587 
        18.087     0.409437 
        18.158     0.417717 
        18.273     0.421474 
         18.46     0.419403 
          18.5     0.419539 
        18.516     0.419379 
        18.632     0.416698 
            19     0.393312 
         19.03     0.391458 
        19.034     0.391369 
        19.053     0.390222 
        19.185     0.388887 
        19.346     0.390433 
          19.5     0.392125 
        19.553      0.39122 
          19.6     0.390832 
        19.661       0.3907 
        19.794     0.390894 
            20      0.39171 
            20            0 
           150            0