         1e-11       78.207 
   1.10304e-11      74.4768 
   1.21669e-11      70.9256 
   1.34206e-11       67.545 
   1.48034e-11      64.3268 
   1.63287e-11      61.2633 
   1.80111e-11      58.3472 
   1.98669e-11      55.5713 
   2.19139e-11      52.9291 
   2.41719e-11      50.4141 
   2.66625e-11      48.0204 
   2.94097e-11      45.7422 
     3.244e-11      43.5739 
   3.57825e-11      41.5105 
   3.94694e-11      39.5468 
   4.35362e-11      37.6783 
   4.80221e-11      35.9003 
   5.29701e-11      34.2087 
    5.8428e-11      32.5993 
   6.44483e-11      31.0683 
   7.10888e-11      29.6119 
   7.84136e-11      28.2268 
   8.64931e-11      26.9095 
   9.54051e-11      25.6569 
   1.05235e-10       24.466 
   1.16078e-10      23.3339 
   1.28039e-10      22.2578 
   1.41231e-10      21.2353 
   1.55784e-10      20.2637 
   1.73048e-10      19.2764 
   1.92215e-10      18.3428 
   2.13516e-10      17.4592 
   2.37165e-10      16.6241 
   2.63448e-10      15.8344 
   2.92627e-10      15.0886 
   3.25056e-10      14.3839 
    3.6106e-10      13.7191 
   4.01072e-10      13.0915 
   4.45496e-10      12.5001 
   4.94865e-10      11.9425 
   5.49678e-10      11.4178 
   6.10592e-10      10.9239 
   6.78223e-10      10.4599 
   7.53383e-10      10.0239 
    8.3683e-10        9.615 
   9.36077e-10      9.20709 
    1.04709e-9      8.82701 
    1.17128e-9      8.47338 
    1.31019e-9      8.14491 
    1.46558e-9      7.84033 
    1.65096e-9      7.54148 
     1.8597e-9      7.26697 
    2.09493e-9       7.0152 
    2.37644e-9      6.77212 
    2.69579e-9      6.55167 
    3.07947e-9      6.34189 
    3.51794e-9      6.15385 
    4.04698e-9      5.97766 
    4.68819e-9       5.8146 
    5.46931e-9      5.66548 
    6.42558e-9       5.5308 
    7.65518e-9      5.40605 
     9.2492e-9       5.2931 
    1.13322e-8      5.19309 
    1.41796e-8      5.10379 
    1.82466e-8      5.02453 
    2.43176e-8      4.95553 
    2.52419e-8      4.94794 
       2.53e-8      4.94748 
    3.54114e-8      4.89057 
    5.31604e-8      4.84302 
    8.80284e-8      4.80545 
    1.73916e-7      4.77716 
    4.90431e-7      4.75845 
    4.77821e-6      4.74921 
      0.115038      4.38508 
      0.217538      4.09524 
       0.31953      3.83527 
      0.420113      3.60305 
      0.521462      3.39048 
      0.625632       3.1918 
      0.724794      3.01888 
      0.828536      2.85338 
      0.932103      2.70203 
       1.03567      2.56312 
       1.13924      2.43545 
        1.2428        2.318 
       1.34637       2.2099 
       1.44994      2.11044 
       1.56439      2.00985 
           1.7      1.90196 
       1.83827      1.80616 
       1.92681       1.7513 
          2.01      1.70494 
          2.03      1.70179 
          2.04      1.70833 
          2.05      1.73493 
         2.055       1.7699 
          2.06      1.84595 
         2.064      1.98251 
         2.066      2.10952 
         2.068      2.31752 
        2.0695      2.58211 
          2.07      2.67481 
       2.07075      2.87642 
         2.071      2.94837 
       2.07175      3.22155 
         2.072      3.31838 
       2.07275      3.68252 
         2.073      3.81044 
       2.07375        4.275 
         2.074      4.43479 
         2.075       5.1423 
         2.076      5.77569 
        2.0763      5.91539 
        2.0766      6.01422 
        2.0769      6.07062 
       2.07713      6.08349 
        2.0774      6.06484 
        2.0777      6.00318 
         2.078      5.89898 
         2.079       5.3688 
          2.08      4.73319 
       2.08188      3.72438 
         2.082      3.66422 
       2.08225      3.57376 
       2.08375       3.0771 
         2.084      2.99938 
         2.085      2.79808 
         2.086      2.60467 
         2.088      2.36122 
          2.09      2.20332 
         2.095      1.98769 
           2.1      1.88378 
          2.11      1.78812 
          2.12      1.74434 
          2.13      1.71915 
          2.14       1.7024 
          2.16      1.68045 
          2.18      1.66565 
          2.22      1.64507 
          2.28      1.62472 
          2.36      1.60983 
           2.4      1.60731 
          2.46      1.61047 
          2.52      1.62357 
          2.56      1.63917 
           2.6      1.66164 
          2.64      1.69271 
          2.68      1.73491 
          2.71      1.77677 
          2.73      1.81036 
          2.75      1.85003 
          2.76      1.87159 
          2.78      1.92379 
           2.8      1.99436 
         2.805      2.02449 
         2.807       2.0435 
         2.808      2.05508 
          2.81       2.0945 
         2.812      2.18439 
       2.81288      2.27215 
         2.813      2.28947 
       2.81325      2.34067 
       2.81387      2.48357 
         2.814      2.52032 
       2.81419      2.59638 
       2.81437      2.68396 
        2.8145      2.75381 
       2.81463      2.84157 
       2.81481      2.99116 
       2.81494      3.10257 
       2.81503      3.20421 
       2.81512       3.3242 
       2.81531      3.58989 
       2.81544      3.77974 
        2.8155      3.88428 
       2.81562      4.11776 
       2.81588      4.61668 
       2.81597      4.77883 
       2.81606      4.90291 
       2.81619      5.01827 
       2.81631       5.1089 
       2.81641      5.15395 
       2.81644       5.1587 
        2.8165      5.14485 
       2.81656      5.09661 
       2.81663      5.01893 
       2.81675      4.81798 
       2.81713       4.1582 
       2.81737      3.71098 
       2.81747      3.55796 
       2.81756      3.42629 
       2.81769      3.27875 
       2.81787      3.07922 
       2.81797      2.99193 
       2.81806      2.92226 
       2.81819      2.85246 
       2.81888       2.5273 
         2.819      2.47896 
       2.81912      2.44594 
       2.81988      2.31222 
          2.82      2.29441 
       2.82025      2.27427 
         2.822       2.1702 
         2.824      2.13309 
         2.826      2.12142 
         2.828      2.11958 
         2.835      2.13873 
         2.845      2.18715 
         2.855      2.24695 
         2.865      2.31715 
         2.875      2.39923 
         2.885      2.49556 
         2.895      2.60899 
         2.905      2.74218 
         2.915       2.8956 
          2.93      3.14241 
         2.935      3.21233 
          2.94       3.2605 
         2.943      3.27266 
         2.946      3.26634 
         2.947      3.26087 
          2.95      3.22554 
         2.955      3.10664 
          2.96      2.90785 
         2.965      2.64084 
         2.975      2.03498 
          2.98      1.76901 
         2.985       1.5564 
          2.99      1.39985 
         2.995      1.29289 
             3      1.22556 
         3.005      1.18799 
          3.01      1.17188 
         3.015      1.17082 
          3.02       1.1801 
         3.025      1.19634 
          3.03      1.21719 
          3.04      1.26658 
          3.07      1.42788 
          3.09       1.5292 
          3.11      1.62337 
          3.14      1.75383 
          3.18      1.91381 
          3.23      2.09842 
          3.28      2.26736 
          3.32      2.38852 
          3.36      2.49353 
          3.39      2.55947 
          3.42      2.61293 
          3.45      2.65299 
          3.48      2.67919 
          3.52      2.69273 
         3.555      2.68453 
          3.59       2.6626 
          3.63      2.61975 
          3.68       2.5467 
          3.74       2.4396 
          3.95      2.01935 
          4.01      1.91184 
          4.05      1.85266 
          4.08       1.8215 
           4.1      1.81145 
          4.11      1.81102 
         4.125      1.81848 
          4.14      1.83588 
          4.15       1.8553 
          4.16      1.88137 
          4.17      1.91442 
         4.185      1.97711 
          4.22      2.15013 
          4.23      2.19351 
          4.24      2.22796 
          4.25       2.2513 
          4.26      2.26271 
         4.265      2.26273 
          4.27      2.26264 
          4.28      2.25252 
          4.29      2.23426 
          4.31      2.18144 
          4.37      1.98984 
           4.4      1.90423 
          4.43      1.82943 
          4.46      1.76415 
           4.5      1.68902 
          4.55      1.60946 
           4.6      1.54134 
          4.66      1.47008 
           4.8      1.32597 
          4.82      1.29812 
          4.86      1.26352 
         4.908      1.22939 
          4.92      1.22522 
        4.9245      1.22817 
         4.927      1.23452 
         4.928      1.23852 
          4.93      1.25575 
         4.931      1.27302 
         4.932      1.30411 
       4.93275      1.34747 
         4.933      1.36696 
       4.93325       1.3979 
       4.93381      1.47957 
       4.93394      1.50501 
         4.934      1.52182 
       4.93412      1.56491 
       4.93425      1.61693 
       4.93475      1.84216 
       4.93488      1.90837 
       4.93497      1.97218 
       4.93503      2.02459 
       4.93512      2.11816 
       4.93522      2.22572 
       4.93531      2.34381 
       4.93541      2.47531 
       4.93547      2.57414 
       4.93553      2.68398 
       4.93563      2.86862 
       4.93587      3.40517 
       4.93597      3.58452 
       4.93606      3.73529 
       4.93616       3.8582 
       4.93625       3.9586 
       4.93634      4.03265 
       4.93641      4.05774 
       4.93644      4.05998 
       4.93648      4.04804 
       4.93653      4.01649 
       4.93656      3.98466 
       4.93663      3.89787 
       4.93669      3.78704 
       4.93681      3.52859 
       4.93694       3.2626 
       4.93706      3.01233 
       4.93719      2.78048 
       4.93731      2.56255 
       4.93741      2.41134 
       4.93747      2.32004 
       4.93753      2.23817 
       4.93762      2.13261 
       4.93772      2.04247 
       4.93781      1.96138 
       4.93794      1.86439 
       4.93803       1.8024 
       4.93813      1.75027 
       4.93825       1.6915 
       4.93844      1.61568 
       4.93856      1.57408 
       4.93875      1.52434 
       4.93894      1.48232 
       4.93913      1.44827 
       4.93937       1.4121 
       4.93962      1.38292 
          4.94      1.35007 
        4.9405      1.32129 
         4.941      1.29614 
         4.942      1.26678 
         4.943      1.24922 
         4.944      1.23783 
         4.946      1.22403 
         4.948      1.21598 
         4.952      1.20672 
         4.964      1.19312 
          5.01      1.16177 
       5.26647      1.01166 
        5.2975     0.994399 
          5.31     0.990503 
        5.3175     0.992977 
        5.3225     0.998371 
         5.325      1.00219 
          5.33      1.01691 
         5.335      1.04452 
          5.34      1.09585 
         5.342      1.12724 
         5.344      1.16784 
         5.346      1.22006 
         5.348      1.28681 
          5.35      1.37101 
         5.352      1.47457 
         5.354      1.59645 
         5.358      1.86098 
          5.36      1.96842 
         5.362      2.03257 
         5.364      2.04437 
         5.366      2.00923 
         5.368       1.9421 
         5.372      1.77361 
         5.375      1.65421 
          5.38      1.49655 
         5.385      1.38603 
          5.39      1.30856 
         5.395      1.25277 
           5.4      1.21127 
         5.405      1.17944 
          5.41      1.15432 
         5.415      1.13402 
          5.42      1.11726 
          5.43      1.09106 
          5.44      1.07135 
          5.45      1.05579 
          5.47       1.0322 
           5.5      1.00704 
          5.54     0.982603 
           5.6     0.954922 
          5.68     0.926413 
          5.76     0.904215 
          5.84     0.887829 
           5.9     0.879845 
          5.96     0.876433 
          6.01     0.878693 
          6.06     0.885996 
          6.08     0.891677 
          6.11     0.904459 
          6.13     0.917191 
          6.15     0.935228 
         6.165     0.954381 
         6.175     0.970678 
          6.18     0.979728 
          6.19      1.00244 
           6.2      1.03155 
          6.21      1.06961 
          6.22      1.12053 
          6.23       1.1904 
          6.24      1.28867 
         6.245      1.35277 
          6.25      1.42992 
         6.254      1.50277 
         6.258      1.58693 
         6.262      1.68334 
         6.266      1.79213 
         6.272      1.97423 
         6.279      2.19077 
         6.282      2.27099 
         6.284      2.31478 
         6.286      2.34857 
         6.288      2.37049 
          6.29       2.3791 
         6.292      2.37359 
         6.294      2.35392 
         6.296      2.32081 
         6.298      2.27561 
         6.301      2.18968 
         6.304      2.08894 
         6.313      1.76802 
         6.316      1.67044 
         6.319      1.58255 
         6.322       1.5035 
         6.325      1.43483 
         6.328      1.37456 
         6.331      1.32346 
         6.334      1.27934 
         6.336      1.25389 
          6.34      1.21012 
         6.358        1.043 
         6.362      1.00956 
         6.365     0.987695 
          6.37     0.957254 
         6.375     0.933092 
          6.38     0.913717 
        6.3875     0.891327 
          6.39     0.884814 
           6.4     0.864347 
          6.41     0.849097 
         6.425     0.832566 
         6.435     0.824697 
          6.44     0.821587 
         6.455      0.82374 
          6.47     0.828081 
          6.49     0.830296 
       6.51031     0.803357 
          6.54     0.705625 
        6.5565     0.611319 
          6.57     0.530651 
          6.58      0.50154 
          6.59     0.505046 
           6.6     0.514159 
          6.62     0.576777 
          6.64     0.592394 
       6.65575     0.718796 
         6.658      0.73586 
       6.66512     0.682291 
          6.67     0.670219 
          6.68      0.66139 
           6.7      0.65555 
          6.75     0.649996 
          6.81     0.645747 
          6.92     0.606042 
             7     0.573643 
         7.053     0.572617 
           7.1     0.569164 
          7.14     0.582821 
          7.18     0.602642 
           7.2     0.639842 
        7.2225     0.672078 
         7.225     0.676406 
          7.25     0.746814 
          7.27     0.822803 
          7.28     0.884238 
          7.34      1.33221 
          7.35      1.42918 
          7.36      1.42252 
          7.37      1.46356 
       7.40125       1.4128 
          7.42      1.39798 
          7.47      1.37142 
         7.529      1.37807 
         7.542      1.36343 
         7.553      1.35516 
          7.62      1.32634 
       7.64937      1.33681 
       7.66113      1.37226 
         7.667      1.39077 
          7.68      1.41515 
         7.698      1.52479 
           7.7      1.53055 
         7.725      1.79877 
         7.745      1.98612 
         7.767      1.84316 
         7.789       1.6835 
          7.81      1.58093 
         7.819      1.58208 
          7.86      1.52176 
        7.8864      1.49193 
         7.888      1.47519 
         7.897      1.47153 
          7.93      1.43178 
         7.936      1.41002 
             8      1.35098 
         8.005      1.35377 
          8.01      1.30652 
         8.014       1.3334 
         8.044      1.29762 
         8.053      1.33035 
         8.079      1.32224 
          8.08      1.31532 
       8.10002      1.31839 
         8.101      1.33054 
         8.105      1.31819 
         8.109      1.30019 
          8.12      1.28185 
         8.131      1.24811 
         8.138      1.23293 
          8.16      1.15596 
         8.166      1.11617 
           8.2     0.973171 
          8.21     0.949136 
          8.24     0.920966 
        8.2958      0.86002 
        8.2962     0.857336 
          8.32     0.850912 
          8.33     0.837475 
           8.4     0.797566 
         8.426     0.800117 
         8.448      0.78521 
          8.45      0.77211 
          8.48     0.776158 
        8.4995     0.755978 
           8.5     0.750345 
          8.52     0.757093 
         8.553      0.73948 
       8.60375     0.755596 
         8.611     0.756315 
       8.67775     0.746927 
           8.7     0.745065 
         8.708     0.737237 
          8.75     0.718211 
         8.768     0.716072 
           8.8     0.706827 
         8.833     0.688985 
          8.85      0.67724 
         8.885      0.66827 
          8.92     0.638292 
          8.94      0.63768 
             9     0.630901 
         9.005     0.644164 
          9.02      0.64259 
       9.03094      0.65065 
         9.045     0.653814 
         9.053     0.669082 
         9.067     0.668498 
          9.08     0.685598 
         9.149     0.723364 
         9.163     0.736709 
        9.2065     0.732676 
          9.25     0.724834 
         9.254     0.733174 
           9.3     0.716961 
          9.36     0.699584 
           9.4     0.681409 
          9.45     0.671512 
           9.5     0.669317 
         9.522     0.669717 
         9.553     0.664561 
       9.55888     0.668421 
           9.6     0.671503 
          9.63       0.6802 
          9.64     0.687432 
          9.68     0.684446 
         9.692      0.68303 
           9.7     0.685384 
         9.726     0.670388 
          9.74     0.676178 
          9.75     0.669665 
           9.8       0.6845 
         9.821     0.683794 
          9.83     0.686268 
           9.9     0.671828 
         9.917     0.674061 
         9.921     0.667665 
            10      0.65676 
         10.05     0.643255 
        10.053     0.637065 
         10.17     0.642064 
          10.3     0.628637 
        10.372     0.635078 
          10.4     0.643319 
        10.478     0.678131 
          10.5     0.690911 
        10.506     0.690901 
        10.536     0.701742 
         10.55     0.698282 
        10.553     0.708482 
         10.62     0.725483 
         10.69     0.750885 
          10.7     0.752605 
         10.75     0.786176 
          10.8     0.812847 
         10.83     0.832597 
          10.9     0.873398 
         10.94     0.887449 
            11      0.86214 
        11.004      0.85623 
        11.053     0.866921 
        11.096     0.863591 
          11.1     0.868582 
         11.17     0.886872 
         11.25     0.875583 
          11.3     0.873054 
          11.4     0.872795 
          11.5     0.864436 
        11.553     0.851456 
        11.708     0.838457 
         11.75     0.853477 
        11.751     0.848597 
          11.8     0.857788 
        11.828     0.870068 
          11.9     0.904818 
        11.909     0.900838 
        11.917     0.912628 
            12     0.899449 
         12.05     0.909919 
        12.053     0.913379 
        12.088     0.910339 
          12.1     0.910989 
        12.196     0.871888 
        12.224     0.865037 
         12.25     0.861207 
          12.3     0.848477 
          12.4     0.839226 
        12.553     0.864174 
        12.599     0.869753 
          12.7     0.887251 
        12.738     0.889501 
        12.792      0.90672 
          12.9     0.919468 
         12.99     0.943646 
        13.053     0.936835 
         13.12     0.935612 
         13.25     0.924877 
         13.28     0.914516 
          13.3     0.915605 
       13.4876     0.905925 
          13.5     0.905288 
         13.54     0.910096 
        13.553     0.909436 
        13.587     0.909454 
        13.646     0.895591 
        13.767     0.880875 
        13.822     0.860033 
        13.965     0.841346 
            14     0.819214 
        14.053     0.824942 
        14.182     0.831456 
         14.25     0.837264 
        14.364     0.830299 
        14.419     0.824366 
        14.472     0.837894 
        14.553     0.853805 
        14.566     0.854598 
        14.653      0.88011 
        14.694     0.894546 
         14.75     0.898931 
        14.767     0.897346 
        14.807     0.902144 
        14.812     0.903994 
        14.863     0.911329 
        14.888     0.913378 
        14.892       0.9191 
        14.909     0.921915 
        14.927     0.919858 
        14.962     0.918806 
        14.996     0.923026 
            15     0.917548 
        15.045     0.928572 
        15.053     0.932151 
        15.093     0.941588 
        15.248     0.958816 
        15.263     0.958981 
        15.448     0.985393 
          15.5     0.988861 
        15.553     0.993887 
        15.731      1.00629 
       15.9529      1.02441 
        15.966      1.02548 
         15.97      1.03131 
         15.99      1.02846 
            16      1.03379 
        16.053      1.01889 
        16.256     0.983683 
        16.347     0.955068 
        16.443     0.952655 
        16.532     0.946921 
        16.695     0.919507 
        16.824     0.907307 
        16.974     0.896581 
        17.053     0.896787 
        17.074     0.899245 
        17.138     0.887251 
          17.3     0.870804 
        17.301     0.885246 
        17.467     0.873325 
        17.553     0.880394 
        17.616     0.887312 
        17.687     0.889651 
          17.9     0.905948 
        17.901     0.908697 
            18      0.91753 
        18.053     0.929511 
        18.087     0.923401 
        18.158     0.935798 
        18.273     0.928914 
         18.46     0.922802 
        18.516     0.933339 
          18.7     0.952846 
        18.833     0.956963 
        19.053     0.973142 
        19.185     0.977738 
       19.4557     0.980762 
        19.553      0.98185 
          19.6     0.979533 
        19.794     0.985739 
        19.892      0.99153 
            20     0.980716 
            20        1.016 
       20.2822      1.00264 
       20.2955      1.00201 
       20.5818     0.975586 
       20.8722     0.948794 
            21        0.937 
       21.2963     0.931075 
       21.5967     0.925066 
       21.9014     0.918972 
            22        0.917 
       22.3104     0.918552 
       22.6251     0.920126 
       22.9443     0.921722 
            23        0.922 
       23.3245     0.926867 
       23.6536     0.931803 
       23.9873     0.936809 
            24        0.937 
       24.2789     0.934134 
       24.6215      0.92647 
       24.9688     0.918697 
            25        0.918 
       25.3527     0.916016 
       25.7104     0.914005 
            26     0.912376 
       26.3668     0.909188 
       26.7388     0.905954 
       27.0587     0.903174 
       27.4404     0.897788 
       27.8276     0.892326 
       28.2201     0.886786 
       28.6183     0.881169 
        29.022     0.875472 
       29.4315     0.869695 
       29.8467     0.863837 
       30.2678     0.857895 
       30.6948      0.85187 
            31     0.847565 
       31.4374     0.842116 
       31.8809      0.83659 
       32.3307     0.830986 
       32.7868     0.825303 
       33.2494      0.81954 
       33.7184     0.813695 
       34.1941     0.807768 
       34.6766     0.801758 
       35.1658     0.795663 
       35.6619     0.789481 
            36     0.785269 
       36.5079     0.778035 
        37.023     0.770699 
       37.5453      0.76326 
        38.075     0.755715 
       38.6121     0.748065 
       39.1569     0.740306 
       39.7093     0.732438 
       40.2696     0.724458 
       40.8377     0.716367 
            41     0.714055 
       41.5784     0.706533 
        42.165     0.698906 
       42.7599     0.691171 
       43.3632     0.683326 
       43.9749     0.675371 
       44.5954     0.667304 
            45     0.662043 
       45.6349     0.654481 
       46.2787     0.646812 
       46.9316     0.639036 
       47.5937      0.63115 
       48.2652     0.623152 
       48.9461     0.615042 
            49       0.6144 
       49.6913      0.60681 
       50.3924     0.599112 
       51.1033     0.591307 
       51.8243     0.583391 
       52.5554     0.575363 
            53     0.570482 
       53.7477     0.563111 
        54.506     0.555635 
        55.275     0.548054 
       56.0548     0.540367 
       56.8457      0.53257 
            57     0.531049 
       57.8042     0.523888 
       58.6197     0.516627 
       59.4467     0.509263 
       60.2854     0.501795 
            61     0.495432 
       61.8606      0.48855 
       62.7333     0.481572 
       63.6184     0.474495 
       64.5159     0.467318 
            65     0.463447 
        65.917     0.456862 
        66.847     0.450185 
       67.7901     0.443413 
       68.7465     0.436546 
            69     0.434725 
       69.9735     0.428423 
       70.9607     0.422032 
       71.9618      0.41555 
       72.9771     0.408977 
            74     0.402355 
        75.044     0.396222 
       76.1027     0.390002 
       77.1764     0.383694 
            78     0.378856 
       79.1004     0.373071 
       80.2164     0.367204 
       81.3481     0.361254 
       82.4958      0.35522 
       83.6597     0.349101 
            84     0.347312 
       85.1851     0.341305 
       86.3869     0.335214 
       87.6057     0.329036 
       88.8416     0.322771 
        90.095     0.316418 
            91     0.311831 
       92.2839     0.304684 
       93.5858     0.297437 
       94.9061     0.290087 
       96.2451     0.282633 
       97.6029     0.275074 
       98.9799     0.267408 
            99     0.267297 
       100.397     0.259981 
       101.813     0.252562 
        103.25     0.245039 
           104     0.241108 
       105.467     0.233866 
           106     0.231236 
       107.495     0.224432 
           108     0.222136 
       109.524     0.215938 
           110        0.214 
       111.552     0.208671 
           112     0.207132 
        113.58     0.202637 
       115.183     0.198079 
           116     0.195753 
       117.637     0.191154 
           118     0.190133 
       119.665     0.184988 
       121.353     0.179771 
       123.065      0.17448 
           124     0.171591 
       125.749     0.166644 
       127.524     0.161626 
           128     0.160278 
       129.806     0.155624 
       131.637     0.150903 
           132     0.149968 
       133.862     0.145603 
       135.751     0.141176 
           136     0.140592 
       137.919     0.136471 
       139.865     0.132291 
           140        0.132 
       141.975      0.12805 
       143.978     0.124044 
           144        0.124 
       146.032     0.120205 
           148     0.116528 
           150        0.113