         1e-11    0.0254285 
   1.10304e-11    0.0242117 
   1.21669e-11    0.0230531 
   1.34206e-11      0.02195 
   1.48034e-11    0.0208997 
   1.63287e-11    0.0198996 
   1.80111e-11    0.0189474 
   1.98669e-11    0.0180408 
   2.19139e-11    0.0171775 
   2.41719e-11    0.0163555 
   2.66625e-11    0.0155729 
   2.94097e-11    0.0148277 
     3.244e-11    0.0141182 
   3.57825e-11    0.0134427 
   3.94694e-11    0.0127994 
   4.35362e-11     0.012187 
   4.80221e-11    0.0116038 
   5.29701e-11    0.0110485 
    5.8428e-11    0.0105199 
   6.44483e-11    0.0100165 
   7.10888e-11   0.00953719 
   7.84136e-11   0.00908083 
   8.64931e-11    0.0086463 
   9.54051e-11   0.00823257 
   1.05235e-10   0.00783864 
   1.16078e-10   0.00746356 
   1.28039e-10   0.00710642 
   1.41231e-10   0.00676638 
   1.55784e-10    0.0064426 
   1.71835e-10   0.00613432 
    1.8954e-10   0.00584079 
    2.0907e-10   0.00556131 
   2.30612e-10    0.0052952 
   2.54374e-10   0.00504182 
   2.80584e-10   0.00480057 
   3.09494e-10   0.00457086 
   3.41383e-10   0.00435215 
   3.76558e-10    0.0041439 
   4.15358e-10   0.00394561 
   4.58155e-10   0.00375682 
   5.05362e-10   0.00357706 
   5.57433e-10    0.0034059 
   6.14869e-10   0.00324293 
   6.78223e-10   0.00308776 
   7.48105e-10   0.00294001 
   8.25188e-10   0.00279933 
   9.10213e-10   0.00266539 
      1.004e-9   0.00253786 
    1.10745e-9   0.00241643 
    1.22155e-9   0.00230081 
    1.34742e-9   0.00219072 
    1.48625e-9    0.0020859 
    1.63939e-9    0.0019861 
    1.80831e-9   0.00189107 
    1.99463e-9   0.00180059 
    2.20016e-9   0.00171444 
    2.42685e-9   0.00163241 
    2.67691e-9   0.00155431 
    2.95273e-9   0.00147995 
    3.25697e-9   0.00140914 
    3.59256e-9   0.00134172 
    3.96272e-9   0.00127753 
    4.37103e-9   0.00121641 
    4.82141e-9   0.00115822 
    5.31819e-9   0.00110281 
    5.86616e-9   0.00105005 
    6.47059e-9  0.000999816 
     7.1373e-9  0.000951986 
    7.87271e-9  0.000906444 
    8.68389e-9  0.000863082 
    9.57865e-9  0.000821794 
    1.05656e-8  0.000782481 
    1.16543e-8  0.000745049 
    1.28551e-8  0.000709407 
    1.41796e-8   0.00067547 
    1.56406e-8  0.000643156 
    1.72522e-8  0.000612387 
    1.90298e-8  0.000583089 
    2.09906e-8  0.000555192 
    2.31534e-8  0.000528628 
    2.52419e-8  0.000506288 
       2.53e-8  0.000505706 
    2.79068e-8  0.000481506 
    3.07823e-8  0.000458463 
     3.3954e-8  0.000436521 
    3.74525e-8  0.000415627 
    4.13115e-8  0.000395731 
    4.55681e-8  0.000376785 
    5.02633e-8  0.000358744 
    5.54423e-8  0.000341565 
    6.11549e-8  0.000325207 
    6.74561e-8  0.000309631 
    7.44066e-8    0.0002948 
    8.20732e-8  0.000280678 
    9.05297e-8  0.000267231 
    9.98577e-8  0.000254428 
    1.10147e-7  0.000242238 
    1.21496e-7  0.000230632 
    1.34014e-7  0.000219581 
    1.47823e-7   0.00020906 
    1.63054e-7  0.000199043 
    1.79855e-7  0.000189505 
    1.98386e-7  0.000180425 
    2.18827e-7   0.00017178 
    2.41375e-7  0.000163549 
    2.66245e-7  0.000155712 
    2.93678e-7  0.000148252 
    3.23938e-7  0.000141149 
    3.57316e-7  0.000134388 
    3.94132e-7  0.000127953 
    4.34743e-7  0.000121828 
    4.79537e-7  0.000115998 
    5.28947e-7  0.000110449 
    5.83448e-7  0.000105165 
    6.43565e-7  0.000100131 
    7.09876e-7   9.53361e-5 
     7.8302e-7   9.07686e-5 
      8.637e-7   8.64195e-5 
    9.52693e-7   8.22788e-5 
    1.05086e-6   7.83368e-5 
    1.15913e-6   7.45839e-5 
    1.27857e-6   7.10102e-5 
     1.4103e-6   6.76069e-5 
    1.55562e-6   6.43661e-5 
     1.7159e-6   6.12812e-5 
    1.89271e-6   5.83451e-5 
    2.08772e-6   5.55499e-5 
    2.30284e-6   5.28888e-5 
    2.54012e-6   5.03552e-5 
    2.80184e-6   4.79416e-5 
    3.09053e-6   4.56431e-5 
    3.40897e-6   4.34551e-5 
    3.76022e-6   4.13735e-5 
    4.14767e-6   3.93915e-5 
    4.57503e-6   3.75039e-5 
    5.04643e-6   3.57083e-5 
    5.56639e-6   3.39964e-5 
    6.13994e-6   3.23662e-5 
    6.77258e-6   3.08147e-5 
     7.4704e-6   2.93382e-5 
    8.24013e-6   2.79336e-5 
    9.08917e-6   2.65941e-5 
    1.00257e-5   2.53217e-5 
    1.10587e-5   2.41074e-5 
    1.21982e-5   2.29514e-5 
     1.3455e-5   2.18516e-5 
    1.48414e-5   2.08035e-5 
    1.64861e-5    1.9739e-5 
    1.81848e-5   1.87918e-5 
    2.00585e-5   1.78929e-5 
    2.22802e-5   1.69752e-5 
    2.45759e-5   1.61616e-5 
    2.71081e-5   1.53874e-5 
    2.99012e-5   1.46486e-5 
    3.34475e-5     1.385e-5 
    3.68938e-5   1.31864e-5 
    4.06952e-5    1.2556e-5 
    4.48884e-5   1.19534e-5 
    4.91691e-5   1.14207e-5 
    5.38554e-5   1.09115e-5 
    5.85781e-5   1.04651e-5 
    6.41644e-5   9.99561e-6 
    7.02799e-5   9.55159e-6 
    7.69821e-5   9.12559e-6 
    8.49141e-5   8.68551e-6 
    9.36634e-5   8.27034e-6 
   0.000104038   7.84388e-6 
   0.000114758   7.46615e-6 
   0.000128368    7.0536e-6 
   0.000139624    6.7648e-6 
   0.000150812    6.5048e-6 
   0.000167516   6.16693e-6 
   0.000182206   5.91203e-6 
   0.000196806   5.68587e-6 
   0.000214064   5.44912e-6 
   0.000231204    5.2418e-6 
   0.000256826   4.96907e-6 
   0.000279347   4.76571e-6 
   0.000299617   4.59803e-6 
   0.000332803   4.35956e-6 
   0.000361988   4.17948e-6 
   0.000393731   4.00568e-6 
   0.000428258   3.83888e-6 
   0.000462572   3.69272e-6 
   0.000513808   3.50066e-6 
   0.000554977   3.36913e-6 
   0.000599416   3.23925e-6 
   0.000665842   3.07118e-6 
   0.000724231   2.94433e-6 
   0.000782222    2.8319e-6 
   0.000862819   2.69471e-6 
   0.000938481    2.5827e-6 
    0.00102078   2.47534e-6 
    0.00111029   2.37191e-6 
    0.00119925   2.28149e-6 
    0.00131356    2.1783e-6 
    0.00142874   2.08782e-6 
    0.00155403   2.00069e-6 
    0.00171416   1.90378e-6 
    0.00186447   1.82439e-6 
    0.00201386   1.75497e-6 
    0.00225271   1.67022e-6 
    0.00250222    1.5942e-6 
    0.00279898   1.51651e-6 
    0.00304443   1.46116e-6 
     0.0033114   1.41019e-6 
     0.0036526   1.35207e-6 
    0.00402895   1.29655e-6 
    0.00453857   1.23701e-6 
    0.00500621   1.18974e-6 
    0.00563917   1.15531e-6 
    0.00648721   1.11523e-6 
    0.00762146    1.0709e-6 
    0.00858508   1.03959e-6 
    0.00987614   1.00323e-6 
          0.01   1.00018e-6 
     0.0200071   1.03014e-6 
     0.0514208   1.40563e-6 
     0.0817009   1.73701e-6 
     0.0906349   1.82762e-6 
      0.100705   1.94664e-6 
      0.122527   2.15004e-6 
      0.143943   2.33087e-6 
      0.165707   2.49913e-6 
      0.187726   2.65629e-6 
       0.21302   2.82313e-6 
      0.246457   3.02872e-6 
      0.308464   3.37393e-6 
      0.359858   3.63694e-6 
      0.411366   3.88051e-6 
      0.469316   4.13228e-6 
      0.540063   4.41597e-6 
       0.66382   4.86164e-6 
      0.771312   5.20977e-6 
      0.874153   5.51481e-6 
       1.02126   5.91166e-6 
       1.21693   6.38109e-6 
       1.52116   7.00716e-6 
       1.78721   7.47809e-6 
       2.04252    7.8794e-6 
       2.29784   8.22694e-6 
       2.57104   8.54594e-6 
       3.06379   9.05933e-6 
       3.57442   9.52484e-6 
       4.11366   9.94634e-6 
       4.66051   1.03181e-5 
       5.25141   1.06687e-5 
       5.84038    1.0976e-5 
       6.77901   1.14073e-5 
          7.25    1.1582e-5 
       7.60581   1.16381e-5 
          7.85   1.16546e-5 
       8.61992   1.15749e-5 
       9.19136   1.14474e-5 
       9.83685   1.12577e-5 
       9.97563    1.1207e-5 
       10.1164   1.11556e-5 
       10.2591   1.11035e-5 
       10.4038   1.10507e-5 
          10.5   1.10156e-5 
       10.6481   1.09517e-5 
       10.7984   1.08869e-5 
       10.9507   1.08212e-5 
            11      1.08e-5 
       11.1552    1.0725e-5 
       11.3126    1.0649e-5 
       11.4722   1.05719e-5 
        11.634   1.04937e-5 
       11.7982   1.04144e-5 
       11.9646    1.0334e-5 
       12.1334   1.02524e-5 
       12.3046   1.01697e-5 
       12.4782   1.00858e-5 
          12.5   1.00753e-5 
       12.6764   9.99753e-6 
       12.8552   9.91864e-6 
            13   9.85477e-6 
       13.1834   9.78377e-6 
       13.3694   9.71176e-6 
          13.5    9.6612e-6 
       13.6905   9.60099e-6 
       13.8836   9.53992e-6 
       14.0795     9.478e-6 
          14.1   9.47151e-6 
       14.2989   9.42121e-6 
       14.5007    9.3702e-6 
       14.7052   9.31847e-6 
       14.9127   9.26601e-6 
       15.1231   9.21281e-6 
       15.3365   9.15887e-6 
          15.5   9.11751e-6 
       15.7187   9.07213e-6 
       15.9404    9.0261e-6 
       16.1653   8.97942e-6 
       16.3934   8.93209e-6 
       16.6247   8.88409e-6 
       16.8592   8.83541e-6 
            17   8.80619e-6 
       17.2398   8.76433e-6 
       17.4831   8.72187e-6 
       17.7297   8.67882e-6 
       17.9799   8.63515e-6 
       18.2335   8.59088e-6 
       18.4908   8.54597e-6 
       18.7516   8.50043e-6 
            19   8.45708e-6 
       19.2681   8.41697e-6 
       19.5399   8.37629e-6 
       19.8156   8.33503e-6 
       20.0951    8.2932e-6 
       20.3786   8.25077e-6 
       20.6661   8.20775e-6 
       20.9577   8.16412e-6 
       21.2534   8.11987e-6 
       21.5532     8.075e-6 
       21.8573   8.02949e-6 
            22   8.00814e-6 
       22.3104   7.96647e-6 
       22.6251    7.9242e-6 
       22.9443   7.88134e-6 
        23.268   7.83788e-6 
       23.5963    7.7938e-6 
       23.9292    7.7491e-6 
       24.2668   7.70377e-6 
       24.6092    7.6578e-6 
       24.9564   7.61118e-6 
       25.3085   7.56391e-6 
       25.6655   7.51597e-6 
            26   7.47105e-6 
       26.3668   7.42838e-6 
       26.7388    7.3851e-6 
        27.116   7.34122e-6 
       27.4986   7.29671e-6 
       27.8866   7.25158e-6 
         28.28   7.20581e-6 
        28.679   7.15939e-6 
            29   7.12204e-6 
       29.4091   7.08079e-6 
        29.824   7.03894e-6 
       30.2448   6.99651e-6 
       30.6715   6.95348e-6 
       31.1042   6.90985e-6 
       31.5431   6.86559e-6 
       31.9881   6.82072e-6 
            32   6.81951e-6 
       32.4515    6.7795e-6 
       32.9093   6.73891e-6 
       33.3736   6.69776e-6 
       33.8444   6.65602e-6 
       34.3219    6.6137e-6 
       34.8061   6.57078e-6 
            35   6.55359e-6 
       35.4938   6.51536e-6 
       35.9945    6.4766e-6 
       36.5024   6.43729e-6 
       37.0173   6.39742e-6 
       37.5396   6.35699e-6 
       38.0692   6.31599e-6 
       38.6063   6.27441e-6 
            39   6.24393e-6 
       39.5502   6.20631e-6 
       40.1082   6.16816e-6 
       40.6741   6.12947e-6 
       41.2479   6.09023e-6 
       41.8298   6.05044e-6 
            42    6.0388e-6 
       42.5925   6.00259e-6 
       43.1934   5.96587e-6 
       43.8028   5.92864e-6 
       44.4208   5.89087e-6 
       45.0475   5.85258e-6 
        45.683   5.81374e-6 
            46   5.79438e-6 
        46.649   5.75915e-6 
       47.3071   5.72342e-6 
       47.9745   5.68719e-6 
       48.6514   5.65045e-6 
       49.3377   5.61319e-6 
            50   5.57724e-6 
       50.7054   5.54373e-6 
       51.4208   5.50976e-6 
       52.1462    5.4753e-6 
       52.8819   5.44036e-6 
        53.628   5.40492e-6 
       54.3846   5.36899e-6 
       55.1518   5.33254e-6 
       55.9299   5.29559e-6 
            56   5.29226e-6 
       56.7901   5.25982e-6 
       57.5913   5.22692e-6 
       58.4038   5.19355e-6 
       59.2277   5.15972e-6 
       60.0633   5.12541e-6 
       60.9107   5.09061e-6 
       61.7701   5.05532e-6 
            62   5.04588e-6 
       62.8747   5.01438e-6 
       63.7618   4.98244e-6 
       64.6613   4.95004e-6 
       65.5736   4.91719e-6 
       66.4987   4.88388e-6 
       67.4369   4.85009e-6 
            68   4.82982e-6 
       68.9594   4.79916e-6 
       69.9323   4.76807e-6 
       70.9189   4.73655e-6 
       71.9194   4.70458e-6 
       72.9341   4.67216e-6 
        73.963   4.63928e-6 
            74    4.6381e-6 
        75.044   4.60871e-6 
       76.1027   4.57891e-6 
       77.1764   4.54868e-6 
       78.2652   4.51803e-6 
       79.3694   4.48695e-6 
       80.4892   4.45542e-6 
       81.6247   4.42346e-6 
            82   4.41289e-6 
       83.1569   4.38436e-6 
       84.3301   4.35543e-6 
       85.5198   4.32609e-6 
       86.7263   4.29633e-6 
       87.9499   4.26616e-6 
       89.1907   4.23556e-6 
            90    4.2156e-6 
       91.2697   4.18822e-6 
       92.5574   4.16046e-6 
       93.8632   4.13231e-6 
       95.1874   4.10376e-6 
       96.5304   4.07481e-6 
       97.8922   4.04544e-6 
       99.2733   4.01567e-6 
           100         4e-6 
       101.411         4e-6 
       102.842         4e-6 
       104.292         4e-6 
       105.764         4e-6 
       107.256         4e-6 
       108.769         4e-6 
       110.304         4e-6 
        111.86         4e-6 
       113.438         4e-6 
       115.038         4e-6 
       116.661         4e-6 
       118.307         4e-6 
       119.976         4e-6 
       121.669         4e-6 
       123.386         4e-6 
       125.126         4e-6 
       126.892         4e-6 
       128.682         4e-6 
       130.497         4e-6 
       132.338         4e-6 
       134.205         4e-6 
       136.099         4e-6 
       138.019         4e-6 
       139.966         4e-6 
       141.941         4e-6 
       143.943         4e-6 
       145.974         4e-6 
       148.034         4e-6 
           150         4e-6 