         3.339            0 
           3.4       0.0012 
           3.5       0.0029 
          3.75   0.00710318 
             4       0.0135 
          4.25    0.0190312 
             5        0.037 
           5.6    0.0510236 
             6       0.0602 
           6.5    0.0711742 
          7.25    0.0873005 
           7.5    0.0925928 
          7.85    0.0997726 
             8       0.1027 
           8.5     0.111853 
             9         0.12 
           9.7     0.130005 
            10        0.134 
          10.5     0.139833 
            11     0.145279 
         11.75     0.152595 
         12.25     0.156812 
          12.5     0.158659 
            13     0.161843 
          13.5     0.164409 
          14.1     0.166767 
          14.5     0.167953 
          15.5     0.170098 
          16.5     0.171091 
            17      0.17117 
          18.5     0.170303 
            22     0.164898 
            24     0.160834 
            26     0.157682 
            28     0.153635 
            30     0.148827 
            35     0.135562 
            37      0.12964 
            39      0.12455 
            40     0.122339 
            42     0.118305 
            44     0.114623 
          46.3     0.110855 
            48     0.108404 
            50     0.105875 
            53     0.102671 
            56    0.0999113 
            60      0.09696 
            66    0.0933813 
            72    0.0903059 
            80      0.08686 
            90    0.0832793 
           104     0.079058 
           124    0.0719627 
           134    0.0688945 
           146    0.0657011 
           150     0.064724 