   1.10304e-11      129.777 
   1.21669e-11      123.571 
   1.34206e-11      117.662 
   1.48034e-11      112.036 
   1.63287e-11      106.679 
   1.80111e-11      101.579 
   1.98669e-11      96.7231 
   2.19139e-11      92.0998 
   2.41719e-11      87.6979 
   2.66625e-11       83.507 
   2.94097e-11      79.5168 
     3.244e-11      75.7179 
   3.57825e-11      72.1011 
   3.94694e-11      68.6576 
   4.35362e-11      65.3793 
   4.80221e-11      62.2582 
   5.29701e-11      59.2868 
    5.8428e-11       56.458 
   6.44483e-11      53.7649 
   7.10888e-11      51.2011 
   7.84136e-11      48.7605 
   8.64931e-11      46.4371 
   9.54051e-11      44.2254 
   1.05235e-10        42.12 
   1.16078e-10       40.116 
   1.28039e-10      38.2084 
   1.41231e-10      36.3926 
   1.55784e-10      34.6644 
   1.71835e-10      33.0196 
    1.8954e-10      31.4541 
    2.0907e-10      29.9643 
   2.30612e-10      28.5465 
   2.54374e-10      27.1974 
   2.80584e-10      25.9137 
   3.09494e-10      24.6922 
   3.41383e-10      23.5302 
   3.76558e-10      22.4247 
   4.15358e-10      21.3731 
   4.58155e-10       20.373 
   5.05362e-10      19.4218 
   5.57433e-10      18.5172 
   6.14869e-10      17.6572 
   6.78223e-10      16.8397 
   7.48105e-10      16.0625 
   8.25188e-10       15.324 
   9.10213e-10      14.6223 
    1.01108e-9      13.9093 
    1.12307e-9      13.2349 
    1.24753e-9      12.5966 
    1.38571e-9      11.9934 
    1.53927e-9      11.4228 
    1.70976e-9       10.884 
    1.89924e-9      10.3748 
     2.1096e-9      9.89435 
    2.34338e-9      9.44081 
    2.60294e-9      9.01333 
     2.8914e-9       8.6103 
    3.21166e-9      8.23094 
    3.56757e-9      7.87381 
    3.96272e-9       7.5382 
    4.40186e-9      7.22281 
    4.88943e-9      6.92701 
    5.46931e-9      6.63183 
    6.11796e-9      6.35672 
    6.84355e-9      6.10069 
    7.65518e-9       5.8628 
    8.56308e-9      5.64216 
    9.64622e-9      5.42559 
    1.08658e-8      5.22657 
    1.22402e-8      5.04398 
    1.38851e-8      4.86762 
     1.5751e-8      4.70759 
    1.79927e-8      4.55524 
    2.05546e-8       4.4186 
    2.36457e-8      4.29052 
    2.52419e-8      4.23593 
       2.53e-8      4.23407 
      2.931e-8      4.12238 
    3.41935e-8      4.02041 
    4.04534e-8      3.92473 
    4.81946e-8      3.84018 
      5.823e-8      3.76369 
    7.18474e-8      3.69389 
    9.05297e-8      3.63223 
    1.17317e-7      3.57806 
    1.57446e-7      3.53141 
    2.21915e-7      3.49178 
    3.35493e-7      3.45902 
    5.67328e-7      3.43286 
    1.15913e-6      3.41353 
    3.53057e-6      3.40109 
    5.50005e-5      3.39538 
    0.00438226      3.38899 
     0.0128682      3.36078 
     0.0456953       3.2936 
     0.0894879      3.23299 
      0.178976      3.14248 
       0.26814      3.07039 
      0.330846      3.03618 
      0.431745        3.007 
        1.0406      2.86092 
       1.52116      2.72243 
       1.85087      2.60084 
       2.60731      2.30521 
       3.54938      1.95798 
       3.82973      1.86817 
       4.05643      1.80285 
       4.37077      1.72389 
       4.69316      1.65135 
       5.07054      1.57137 
       5.67901      1.45547 
       6.12757      1.37961 
        6.5917      1.30759 
       7.35228      1.20001 
       7.96075      1.12196 
       8.61992      1.05238 
            10     0.915991 
       10.1411     0.903306 
       10.2842     0.890445 
       10.4292     0.877402 
          10.5     0.871041 
       10.6481     0.858796 
       10.7984     0.846378 
       10.9507     0.833785 
            11      0.82971 
       11.1552     0.818242 
       11.3126     0.806612 
       11.4722     0.794818 
        11.634     0.782857 
         11.75     0.774286 
       11.9158      0.76312 
       12.0839     0.751797 
       12.2544     0.740313 
       12.4272     0.728668 
          12.5     0.723767 
       12.6764     0.712967 
       12.8552     0.702015 
            13     0.693147 
       13.1834     0.683647 
       13.3694     0.674012 
          13.5     0.667247 
       13.6905     0.658377 
       13.8836     0.649381 
       14.0795     0.640258 
       14.2781     0.631007 
       14.4796     0.621625 
          14.5     0.620673 
       14.7046     0.611771 
        14.912     0.602744 
       15.1224     0.593589 
       15.3358     0.584305 
          15.5     0.577158 
       15.7187     0.568445 
       15.9404      0.55961 
            16     0.557237 
       16.2257     0.549428 
       16.4546     0.541508 
          16.5     0.539939 
       16.7328     0.532435 
       16.9689     0.524826 
            17     0.523822 
       17.2398     0.516805 
       17.4831     0.509689 
       17.7297     0.502472 
       17.9799     0.495154 
       18.2335     0.487733 
       18.4908     0.480207 
       18.7516     0.472574 
            19     0.465308 
       19.2681     0.458528 
       19.5399     0.451652 
       19.8156     0.444679 
            20     0.440014 
       20.2822     0.433241 
       20.5683     0.426374 
       20.8585     0.419409 
            21     0.416012 
       21.2963     0.409322 
       21.5967     0.402537 
       21.9014     0.395657 
            22      0.39343 
       22.3104     0.386878 
       22.6251     0.380234 
       22.9443     0.373496 
            23     0.372321 
       23.3245     0.366036 
       23.6536     0.359663 
       23.9873       0.3532 
       24.3257     0.346646 
       24.6689     0.339999 
            25     0.333587 
       25.3527     0.327353 
       25.7104     0.321031 
            26     0.315913 
       26.3668     0.309931 
       26.7388     0.303866 
            27     0.299606 
       27.3809     0.293889 
       27.7672     0.288091 
            28     0.284597 
        28.395      0.27915 
       28.7956     0.273627 
            29     0.270809 
       29.4091     0.265636 
        29.824      0.26039 
            30     0.258166 
       30.4232     0.253269 
       30.8525     0.248302 
            31     0.246595 
       31.4374      0.24194 
       31.8809      0.23722 
            32     0.235952 
       32.4515     0.231493 
       32.9093      0.22697 
            33     0.226074 
       33.4656      0.22177 
       33.9377     0.217404 
            34     0.216828 
       34.4797     0.212644 
       34.9661       0.2084 
            35     0.208105 
       35.4938     0.204413 
       35.9945     0.200668 
       36.5024     0.196871 
            37      0.19315 
        37.522     0.189532 
       38.0514     0.185863 
       38.5882     0.182143 
            39     0.179289 
       39.5502     0.175639 
            40     0.172655 
       40.5643      0.16916 
       41.1366     0.165616 
        41.717     0.162022 
            42     0.160269 
       42.5925     0.156969 
       43.1934     0.153622 
       43.8028     0.150228 
            44      0.14913 
       44.6208     0.146004 
       45.2503     0.142835 
       45.8887     0.139621 
          46.3      0.13755 
       46.9532     0.134524 
       47.6156     0.131455 
            48     0.129674 
       48.6772     0.126745 
       49.3639     0.123775 
            50     0.121023 
       50.7054     0.118181 
       51.4208     0.115298 
            52     0.112964 
       52.7336     0.110231 
       53.4776     0.107459 
            54     0.105512 
       54.7618      0.10288 
       55.5344     0.100211 
            56    0.0986026 
       56.7901    0.0960439 
       57.5913    0.0934491 
            58    0.0921254 
       58.8183    0.0896335 
       59.6481    0.0871065 
            60    0.0860349 
       60.8465    0.0836192 
       61.7049    0.0811693 
            62    0.0803273 
       62.8747    0.0779996 
       63.7618     0.075639 
            64     0.075005 
       64.9029    0.0727626 
       65.8186    0.0704885 
            66    0.0700379 
       66.9311    0.0678777 
       67.8754     0.065687 
            68     0.065398 
       68.9594     0.063317 
       69.9323    0.0612067 
            70    0.0610597 
       70.9876    0.0590549 
       71.9891    0.0570218 
            72    0.0569996 
       73.0158    0.0550678 
            74    0.0531961 
        75.044    0.0513342 
            76    0.0496294 
       77.0722    0.0478345 
            78    0.0462813 
       79.1004    0.0445505 
            80    0.0431355 
       81.1287    0.0415258 
            82    0.0402831 
       83.1569    0.0388345 
            84    0.0377787 
       85.1851    0.0364648 
            86    0.0355613 
       87.2133    0.0343595 
            88    0.0335804 
       89.2415     0.032471 
            90    0.0317933 
       91.2697    0.0307594 
            92    0.0301648 
        93.298    0.0291913 
            94    0.0286648 
       95.3262    0.0277386 
            96     0.027268 
       97.3544    0.0263773 
            98    0.0259528 
       99.3826    0.0250874 
           100     0.024701 
       101.411    0.0238631 
           102    0.0235132 
       103.439    0.0226939 
           104    0.0223746 
       105.467    0.0215812 
           106    0.0212931 
       107.495    0.0205316 
           108    0.0202746 
       109.524    0.0195501 
           110    0.0193235 
       111.552    0.0186401 
           112    0.0184428 
        113.58     0.017804 
           114    0.0176343 
       115.608     0.017043 
           116    0.0168991 
       117.637    0.0163577 
           118    0.0162375 
       119.665    0.0157475 
           120    0.0156489 
       121.693     0.015199 
           122    0.0151174 
       123.721     0.014696 
           124    0.0146277 
       125.749    0.0142393 
       127.524    0.0138454 
           128    0.0137396 
       129.806     0.013375 
       131.637    0.0130052 
           132    0.0129319 
       133.862    0.0125921 
       135.751    0.0122475 
           136     0.012202 
       137.919    0.0118811 
       139.865    0.0115556 
           140     0.011533 
       141.975    0.0112219 
           142     0.011218 
           144    0.0109275 
           146    0.0106637 
           148     0.010427 
           150    0.0102177 