         1e-11      136.321 
   1.10304e-11      129.802 
   1.21669e-11      123.594 
   1.34206e-11      117.684 
   1.48034e-11      112.057 
   1.63287e-11      106.699 
   1.80111e-11      101.598 
   1.98669e-11      96.7411 
   2.19139e-11      92.1169 
   2.41719e-11      87.7143 
   2.66625e-11      83.5225 
   2.94097e-11      79.5317 
     3.244e-11       75.732 
   3.57825e-11      72.1145 
   3.94694e-11      68.6704 
   4.35362e-11      65.3915 
   4.80221e-11      62.2698 
   5.29701e-11      59.2978 
    5.8428e-11      56.4685 
   6.44483e-11      53.7749 
   7.10888e-11      51.2107 
   7.84136e-11      48.7696 
   8.64931e-11      46.4458 
   9.54051e-11      44.2336 
   1.05235e-10      42.1279 
   1.16078e-10      40.1234 
   1.28039e-10      38.2155 
   1.41231e-10      36.3994 
   1.55784e-10      34.6709 
   1.71835e-10      33.0257 
    1.8954e-10      31.4599 
    2.0907e-10      29.9698 
   2.30612e-10      28.5518 
   2.54374e-10      27.2024 
   2.80584e-10      25.9185 
   3.09494e-10      24.6968 
   3.41383e-10      23.5345 
   3.76558e-10      22.4289 
   4.15358e-10      21.3771 
   4.58155e-10      20.3767 
   5.05362e-10      19.4253 
   5.57433e-10      18.5206 
   6.14869e-10      17.6605 
   6.78223e-10      16.8427 
   7.48105e-10      16.0655 
   8.25188e-10      15.3268 
   9.10213e-10       14.625 
      1.004e-9      13.9619 
    1.01108e-9      13.9118 
    1.10745e-9      13.3314 
    1.12307e-9      13.2373 
    1.22155e-9      12.7321 
    1.24753e-9      12.5989 
    1.34742e-9      12.1627 
    1.38571e-9      11.9955 
    1.48625e-9      11.6219 
    1.53927e-9      11.4249 
    1.63939e-9      11.1084 
    1.70976e-9      10.8859 
    1.80831e-9       10.621 
    1.89924e-9      10.3767 
    1.99463e-9      10.1587 
     2.1096e-9       9.8961 
    2.20016e-9      9.72039 
    2.34338e-9      9.44247 
    2.42685e-9      9.30497 
    2.60294e-9      9.01491 
    2.67691e-9      8.91154 
     2.8914e-9      8.61179 
    2.95273e-9      8.53913 
    3.21166e-9      8.23236 
    3.25697e-9      8.18688 
    3.56757e-9      7.87515 
    3.59256e-9      7.85393 
    3.96272e-9      7.53948 
    4.37103e-9      7.24617 
    4.40186e-9      7.22402 
    4.82141e-9      6.96944 
    4.88943e-9      6.92816 
    5.31819e-9      6.70986 
    5.46931e-9      6.63292 
    5.86616e-9      6.46456 
    6.11796e-9      6.35775 
    6.47059e-9      6.23329 
    6.84355e-9      6.10166 
     7.1373e-9      6.01554 
    7.65518e-9      5.86372 
    7.87271e-9      5.81084 
    8.56308e-9      5.64302 
    8.68389e-9      5.61886 
    9.57865e-9      5.43992 
    9.64622e-9      5.42641 
    1.05656e-8      5.27635 
    1.08658e-8      5.22735 
    1.16543e-8      5.12258 
    1.22402e-8      5.04471 
    1.28551e-8      4.97877 
    1.38851e-8       4.8683 
    1.41796e-8      4.84303 
    1.56406e-8      4.71769 
     1.5751e-8      4.70823 
    1.72522e-8      4.60618 
    1.79927e-8      4.55584 
    1.90298e-8      4.50051 
    2.05546e-8      4.41917 
    2.09906e-8      4.40109 
    2.31534e-8      4.31145 
    2.36457e-8      4.29105 
    2.52419e-8      4.23644 
       2.53e-8      4.23457 
    2.79068e-8      4.16194 
      2.931e-8      4.12285 
    3.07823e-8       4.0921 
     3.3954e-8      4.02585 
    3.41935e-8      4.02084 
    3.74525e-8      3.97101 
    4.04534e-8      3.92513 
    4.13115e-8      3.91576 
    4.55681e-8      3.86925 
    4.81946e-8      3.84055 
    5.02633e-8      3.82477 
    5.54423e-8      3.78528 
      5.823e-8      3.76402 
    6.11549e-8      3.74902 
    6.74561e-8      3.71671 
    7.18474e-8      3.69419 
    7.44066e-8      3.68574 
    8.20732e-8      3.66042 
    9.05297e-8      3.63249 
    9.98577e-8      3.61362 
    1.10147e-7       3.5928 
    1.17317e-7       3.5783 
    1.21496e-7      3.57344 
    1.34014e-7      3.55887 
    1.47823e-7       3.5428 
    1.57446e-7      3.53161 
    1.63054e-7      3.52816 
    1.79855e-7      3.51782 
    1.98386e-7      3.50642 
    2.18827e-7      3.49385 
    2.21915e-7      3.49195 
    2.41375e-7      3.48633 
    2.66245e-7      3.47915 
    2.93678e-7      3.47123 
    3.23938e-7      3.46249 
    3.35493e-7      3.45916 
    3.57316e-7      3.45669 
    3.94132e-7      3.45253 
    4.34743e-7      3.44794 
    4.79537e-7      3.44288 
    5.28947e-7       3.4373 
    5.67328e-7      3.43297 
    5.83448e-7      3.43244 
    6.43565e-7      3.43047 
    7.09876e-7       3.4283 
     7.8302e-7      3.42591 
      8.637e-7      3.42327 
    9.52693e-7      3.42036 
    1.05086e-6      3.41715 
    1.15913e-6      3.41361 
    1.27857e-6      3.41298 
     1.4103e-6      3.41228 
    1.55562e-6      3.41152 
     1.7159e-6      3.41067 
    1.89271e-6      3.40974 
    2.08772e-6      3.40871 
    2.30284e-6      3.40758 
    2.54012e-6      3.40633 
    2.80184e-6      3.40496 
    3.09053e-6      3.40344 
    3.40897e-6      3.40177 
    3.53057e-6      3.40113 
    3.76022e-6       3.4011 
    4.14767e-6      3.40106 
    4.57503e-6      3.40101 
    5.04643e-6      3.40095 
    5.56639e-6      3.40089 
    6.13994e-6      3.40083 
    6.77258e-6      3.40076 
     7.4704e-6      3.40068 
    8.24013e-6      3.40059 
    9.08917e-6       3.4005 
    1.00257e-5      3.40039 
    1.10587e-5      3.40028 
    1.21982e-5      3.40015 
     1.3455e-5      3.40001 
    1.48414e-5      3.39985 
    1.64861e-5      3.39967 
    1.81848e-5      3.39948 
    2.00585e-5      3.39927 
    2.22802e-5      3.39903 
    2.45759e-5      3.39877 
    2.71081e-5      3.39849 
    2.99012e-5      3.39818 
    3.34475e-5      3.39779 
    3.68938e-5       3.3974 
    4.06952e-5      3.39698 
    4.48884e-5      3.39652 
    4.91691e-5      3.39604 
    5.38554e-5      3.39552 
    5.50005e-5      3.39539 
    5.85781e-5      3.39539 
    6.41644e-5      3.39538 
    7.02799e-5      3.39537 
    7.69821e-5      3.39536 
    8.49141e-5      3.39535 
    9.36634e-5      3.39533 
   0.000104038      3.39532 
   0.000114758       3.3953 
   0.000128368      3.39528 
   0.000139624      3.39527 
   0.000150812      3.39525 
   0.000167516      3.39522 
   0.000182206       3.3952 
   0.000196806      3.39518 
   0.000214064      3.39515 
   0.000231204      3.39513 
   0.000256826      3.39509 
   0.000279347      3.39506 
   0.000299617      3.39503 
   0.000332803      3.39498 
   0.000361988      3.39493 
   0.000393731      3.39489 
   0.000428258      3.39484 
   0.000462572      3.39479 
   0.000513808      3.39471 
   0.000554977      3.39465 
   0.000599416      3.39458 
   0.000665842      3.39448 
   0.000724231       3.3944 
   0.000782222      3.39431 
   0.000862819      3.39419 
   0.000938481      3.39408 
    0.00102078      3.39396 
    0.00111029      3.39383 
    0.00119925       3.3937 
    0.00131356      3.39353 
    0.00142874      3.39336 
    0.00155403      3.39317 
    0.00171416      3.39294 
    0.00186447      3.39271 
    0.00201386      3.39249 
    0.00225271      3.39214 
    0.00250222      3.39177 
    0.00279898      3.39133 
    0.00304443      3.39097 
     0.0033114      3.39058 
     0.0036526      3.39007 
    0.00402895      3.38952 
    0.00438226      3.38899 
    0.00453857      3.38847 
    0.00500621      3.38692 
    0.00563917      3.38482 
    0.00648721        3.382 
    0.00762146      3.37823 
    0.00858508      3.37502 
    0.00987614      3.37073 
          0.01      3.37032 
     0.0128682      3.36079 
     0.0200071      3.34617 
     0.0456953       3.2936 
     0.0514208      3.28568 
     0.0817009      3.24377 
     0.0894879      3.23299 
     0.0906349      3.23183 
      0.100705      3.22165 
      0.122527      3.19958 
      0.143943      3.17791 
      0.165707       3.1559 
      0.178976      3.14248 
      0.187726       3.1354 
       0.21302      3.11495 
      0.246457      3.08792 
       0.26814      3.07039 
      0.308464      3.04839 
      0.330846      3.03618 
      0.359858      3.02779 
      0.411366       3.0129 
      0.431745      3.00701 
      0.469316      2.99799 
      0.540063      2.98102 
       0.66382      2.95133 
      0.771312      2.92554 
      0.874153      2.90086 
       1.02126      2.86557 
        1.0406      2.86093 
       1.21693      2.81011 
       1.52116      2.72243 
       1.78721      2.62432 
       1.85087      2.60085 
       2.04252      2.52594 
       2.29784      2.42616 
       2.57104      2.31939 
       2.60731      2.30522 
       3.06379      2.13697 
         3.339      2.03553 
           3.4      2.01425 
           3.5      1.97909 
       3.54938      1.96172 
       3.57442      1.95412 
          3.75      1.90082 
       3.82973      1.87732 
             4      1.83262 
       4.05643      1.81761 
       4.11366       1.8045 
          4.25      1.77327 
       4.37077      1.74583 
       4.66051      1.68757 
       4.69316      1.68101 
             5      1.62333 
       5.07054      1.61003 
       5.25141      1.57981 
           5.6      1.52155 
       5.67901      1.50832 
       5.84038      1.48473 
             6       1.4614 
       6.12757      1.44263 
           6.5      1.39301 
        6.5917      1.38075 
       6.77901      1.35828 
          7.25      1.30179 
       7.35228      1.28949 
           7.5      1.27367 
       7.60581      1.26227 
          7.85      1.23595 
       7.96075      1.22391 
             8      1.22053 
           8.5      1.17691 
       8.61992       1.1662 
             9      1.13483 
       9.19136      1.11865 
           9.7      1.07566 
       9.83685      1.06395 
       9.97563      1.05209 
            10         1.05 
       10.1164       1.0409 
       10.1411      1.03896 
       10.2591      1.02973 
       10.2842      1.02777 
       10.4038      1.01841 
       10.4292      1.01642 
          10.5      1.01089 
       10.6481      1.00025 
       10.7984     0.989472 
       10.9507     0.978538 
            11        0.975 
       11.1552     0.965045 
       11.3126      0.95495 
       11.4722     0.944713 
        11.634     0.934331 
         11.75     0.926892 
       11.7982     0.924054 
       11.9158     0.917123 
       11.9646     0.914246 
       12.0839     0.907218 
       12.1334     0.904299 
         12.25     0.897429 
       12.2544     0.897167 
       12.3046     0.894155 
       12.4272     0.886799 
       12.4782     0.883744 
          12.5     0.882436 
       12.6764     0.872759 
       12.8552     0.862946 
            13        0.855 
       13.1834     0.846441 
       13.3694     0.837761 
          13.5     0.831666 
       13.6905     0.823544 
       13.8836     0.815307 
       14.0795     0.806954 
          14.1     0.806079 
       14.2781     0.798312 
       14.2989     0.797404 
       14.4796     0.789527 
          14.5     0.788636 
       14.5007     0.788609 
       14.7046     0.780173 
       14.7052     0.780145 
        14.912      0.77159 
       14.9127     0.771562 
       15.1224     0.762887 
       15.1231     0.762858 
       15.3358      0.75406 
       15.3365     0.754031 
          15.5     0.747265 
       15.7187      0.73877 
       15.9404     0.730155 
            16     0.727841 
       16.1653     0.722285 
       16.2257     0.720255 
       16.3934     0.714621 
       16.4546     0.712563 
          16.5     0.711039 
       16.6247      0.70704 
       16.7328     0.703572 
       16.8592     0.699516 
       16.9689     0.695999 
            17        0.695 
       17.2398     0.687845 
       17.4831     0.680588 
       17.7297     0.673229 
       17.9799     0.665767 
       18.2335     0.658199 
       18.4908     0.650524 
          18.5     0.650248 
       18.7516     0.642498 
            19     0.634848 
       19.2681     0.627653 
       19.5399     0.620358 
       19.8156     0.612959 
            20     0.608009 
       20.0951     0.605579 
       20.2822     0.600801 
       20.3786     0.598336 
       20.5683     0.593491 
       20.6661     0.590992 
       20.8585     0.586078 
       20.9577     0.583544 
            21     0.582463 
       21.2534      0.57635 
       21.2963     0.575315 
       21.5532     0.569116 
       21.5967     0.568066 
       21.8573     0.561779 
       21.9014     0.560715 
            22     0.558337 
       22.3104     0.551154 
       22.6251      0.54387 
       22.9443     0.536483 
            23     0.535195 
        23.268     0.529459 
       23.3245     0.528251 
       23.5963     0.522434 
       23.6536     0.521209 
       23.9292      0.51531 
       23.9873     0.514068 
            24     0.513795 
       24.2668     0.508207 
       24.3257     0.506974 
       24.6092     0.501037 
       24.6689     0.499787 
       24.9564     0.493766 
            25     0.492852 
       25.3085     0.486914 
       25.3527     0.486062 
       25.6655     0.480041 
       25.7104     0.479177 
            26     0.473602 
       26.3668     0.466878 
       26.7388      0.46006 
            27     0.455272 
        27.116     0.453295 
       27.3809     0.448784 
       27.4986     0.446779 
       27.7672     0.442204 
       27.8866     0.440171 
            28     0.438239 
         28.28     0.433705 
        28.395     0.431843 
        28.679     0.427245 
       28.7956     0.425356 
            29     0.422047 
       29.4091     0.415891 
        29.824     0.409648 
            30        0.407 
       30.2448     0.403518 
       30.4232      0.40098 
       30.6715     0.397449 
       30.8525     0.394875 
            31     0.392776 
       31.1042     0.391391 
       31.4374     0.386961 
       31.5431     0.385556 
       31.8809     0.381064 
       31.9881     0.379639 
            32      0.37948 
       32.4515     0.373823 
       32.9093     0.368086 
            33     0.366949 
       33.3736     0.362504 
       33.4656     0.361409 
       33.8444     0.356901 
       33.9377     0.355791 
            34      0.35505 
       34.3219     0.351388 
       34.4797     0.349593 
       34.8061     0.345879 
       34.9661     0.344058 
            35     0.343673 
       35.4938     0.338519 
       35.9945     0.333292 
       36.5024     0.327991 
            37     0.322796 
       37.0173     0.322632 
        37.522      0.31785 
       37.5396     0.317683 
       38.0514     0.312834 
       38.0692     0.312665 
       38.5882     0.307747 
       38.6063     0.307576 
            39     0.303845 
       39.5502     0.298978 
            40        0.295 
       40.1082     0.294112 
       40.5643     0.290367 
       40.6741     0.289466 
       41.1366     0.285668 
       41.2479     0.284755 
        41.717     0.280904 
       41.8298     0.279977 
            42      0.27858 
       42.5925     0.274189 
       43.1934     0.269735 
       43.8028     0.265219 
            44     0.263758 
       44.4208      0.26095 
       44.6208     0.259616 
       45.0475     0.256768 
       45.2503     0.255415 
        45.683     0.252528 
       45.8887     0.251155 
            46     0.250413 
          46.3     0.248411 
        46.649     0.246291 
       46.9532     0.244443 
       47.3071     0.242293 
       47.6156     0.240419 
       47.9745     0.238239 
            48     0.238084 
       48.6514     0.234443 
       48.6772     0.234299 
       49.3377     0.230606 
       49.3639      0.23046 
            50     0.226904 
       50.7054     0.223308 
       51.4208     0.219661 
            52     0.216709 
       52.1462     0.216008 
       52.7336     0.213191 
       52.8819     0.212481 
            53     0.211914 
       53.4776     0.209696 
        53.628     0.208997 
            54     0.207269 
       54.3846     0.205586 
       54.7618     0.203936 
       55.1518      0.20223 
       55.5344     0.200556 
       55.9299     0.198826 
            56     0.198519 
       56.7901     0.195378 
       57.5913     0.192192 
            58     0.190566 
       58.4038     0.189039 
       58.8183     0.187471 
       59.2277     0.185922 
       59.6481     0.184331 
            60        0.183 
       60.0633     0.182781 
       60.8465     0.180079 
       60.9107     0.179858 
       61.7049     0.177117 
       61.7701     0.176893 
            62     0.176099 
       62.8747      0.17325 
       63.7618      0.17036 
            64     0.169584 
       64.6613     0.167547 
       64.9029     0.166803 
       65.5736     0.164738 
       65.8186     0.163983 
            66     0.163424 
       66.4987     0.162011 
       66.9311     0.160787 
       67.4369     0.159354 
       67.8754     0.158112 
            68     0.157759 
       68.9594     0.155186 
       69.9323     0.152577 
            70     0.152396 
       70.9189     0.150059 
       70.9876     0.149884 
       71.9194     0.147515 
       71.9891     0.147338 
            72      0.14731 
       72.9341     0.145131 
       73.0158     0.144941 
        73.963     0.142731 
            74     0.142645 
        75.044     0.140334 
            76     0.138217 
       76.1027     0.138001 
       77.0722      0.13596 
       77.1764     0.135741 
            78     0.134007 
       78.2652     0.133476 
       79.1004     0.131802 
       79.3694     0.131263 
            80         0.13 
       80.4892     0.129127 
       81.1287     0.127986 
       81.6247     0.127101 
            82     0.126431 
       83.1569     0.124568 
            84     0.123211 
       84.3301     0.122727 
       85.1851     0.121473 
       85.5198     0.120982 
            86     0.120277 
       86.7263     0.119298 
       87.2133     0.118641 
       87.9499     0.117648 
            88      0.11758 
       89.1907      0.11609 
       89.2415     0.116026 
            90     0.115077 
       91.2697      0.11366 
            92     0.112845 
       92.5574     0.112259 
        93.298      0.11148 
       93.8632     0.110886 
            94     0.110742 
       95.1874     0.109555 
       95.3262     0.109416 
            96     0.108742 
       96.5304     0.108234 
       97.3544     0.107443 
       97.8922     0.106927 
            98     0.106824 
       99.2733     0.105643 
       99.3826     0.105542 
           100     0.104969 
       101.411     0.103706 
           102     0.103178 
       102.842     0.102445 
       103.439     0.101925 
           104     0.101437 
       104.292     0.101175 
       105.467     0.100123 
       105.764    0.0998571 
           106    0.0996456 
       107.256    0.0985604 
       107.495    0.0983535 
           108    0.0979176 
       108.769    0.0972789 
       109.524    0.0966524 
           110     0.096257 
       110.304    0.0960155 
       111.552     0.095023 
        111.86    0.0947781 
           112    0.0946667 
       113.438    0.0935752 
        113.58    0.0934673 
           114    0.0931486 
       115.038    0.0923985 
       115.608    0.0919868 
           116    0.0917039 
       116.661    0.0912504 
       117.637    0.0905819 
           118    0.0903327 
       118.307    0.0901333 
       119.665    0.0892522 
       119.976      0.08905 
           120    0.0890346 
       121.669     0.087999 
       121.693    0.0879841 
           122    0.0877936 
       123.386    0.0869628 
       123.721    0.0867616 
           124    0.0865944 
       125.126    0.0859988 
       125.749    0.0856692 
       126.892    0.0850652 
       127.524     0.084731 
           128     0.084479 
       128.682    0.0841321 
       129.806    0.0835603 
       130.497    0.0832085 
       131.637    0.0826286 
           132     0.082444 
       132.338    0.0822785 
       133.862    0.0815329 
           134    0.0814655 
       134.205    0.0813733 
       135.751    0.0806801 
           136    0.0805683 
       136.099    0.0805255 
       137.919    0.0797368 
       138.019    0.0796933 
       139.865    0.0788935 
       139.966    0.0788494 
           140    0.0788348 
       141.941    0.0780126 
       141.975    0.0779981 
           142    0.0779875 
       143.943    0.0771881 
           144    0.0771648 
       145.974    0.0763791 
           146    0.0763688 
           148    0.0756435 
       148.034    0.0756318 
           150    0.0749457 